time,diffusion rate
27 Jan 2015 05:19:18 PM,1.0
Number of cells,Speed of cells,Average cell radius,Number of timesteps,Width of environment,Height of environment,Probability of cell division,Probability of cell death
10.0,1.0,1.0,20.0,10.0,10.0,0.0,0.0
starting concentration map
2.0,4.0,6.0,8.0,10.0,12.0,14.0,16.0,18.0,20.0,22.0,24.0,26.0,28.0,30.0,32.0,34.0,36.0,38.0,40.0,42.0,44.0,46.0,48.0,50.0,52.0,54.0,56.0,58.0,60.0,62.0,64.0,66.0,68.0,70.0,72.0,74.0,76.0,78.0,80.0,82.0,84.0,86.0,88.0,90.0,92.0,94.0,96.0,98.0,100.0
2.0,4.0,6.0,8.0,10.0,12.0,14.0,16.0,18.0,20.0,22.0,24.0,26.0,28.0,30.0,32.0,34.0,36.0,38.0,40.0,42.0,44.0,46.0,48.0,50.0,52.0,54.0,56.0,58.0,60.0,62.0,64.0,66.0,68.0,70.0,72.0,74.0,76.0,78.0,80.0,82.0,84.0,86.0,88.0,90.0,92.0,94.0,96.0,98.0,100.0
2.0,4.0,6.0,8.0,10.0,12.0,14.0,16.0,18.0,20.0,22.0,24.0,26.0,28.0,30.0,32.0,34.0,36.0,38.0,40.0,42.0,44.0,46.0,48.0,50.0,52.0,54.0,56.0,58.0,60.0,62.0,64.0,66.0,68.0,70.0,72.0,74.0,76.0,78.0,80.0,82.0,84.0,86.0,88.0,90.0,92.0,94.0,96.0,98.0,100.0
2.0,4.0,6.0,8.0,10.0,12.0,14.0,16.0,18.0,20.0,22.0,24.0,26.0,28.0,30.0,32.0,34.0,36.0,38.0,40.0,42.0,44.0,46.0,48.0,50.0,52.0,54.0,56.0,58.0,60.0,62.0,64.0,66.0,68.0,70.0,72.0,74.0,76.0,78.0,80.0,82.0,84.0,86.0,88.0,90.0,92.0,94.0,96.0,98.0,100.0
2.0,4.0,6.0,8.0,10.0,12.0,14.0,16.0,18.0,20.0,22.0,24.0,26.0,28.0,30.0,32.0,34.0,36.0,38.0,40.0,42.0,44.0,46.0,48.0,50.0,52.0,54.0,56.0,58.0,60.0,62.0,64.0,66.0,68.0,70.0,72.0,74.0,76.0,78.0,80.0,82.0,84.0,86.0,88.0,90.0,92.0,94.0,96.0,98.0,100.0
2.0,4.0,6.0,8.0,10.0,12.0,14.0,16.0,18.0,20.0,22.0,24.0,26.0,28.0,30.0,32.0,34.0,36.0,38.0,40.0,42.0,44.0,46.0,48.0,50.0,52.0,54.0,56.0,58.0,60.0,62.0,64.0,66.0,68.0,70.0,72.0,74.0,76.0,78.0,80.0,82.0,84.0,86.0,88.0,90.0,92.0,94.0,96.0,98.0,100.0
2.0,4.0,6.0,8.0,10.0,12.0,14.0,16.0,18.0,20.0,22.0,24.0,26.0,28.0,30.0,32.0,34.0,36.0,38.0,40.0,42.0,44.0,46.0,48.0,50.0,52.0,54.0,56.0,58.0,60.0,62.0,64.0,66.0,68.0,70.0,72.0,74.0,76.0,78.0,80.0,82.0,84.0,86.0,88.0,90.0,92.0,94.0,96.0,98.0,100.0
2.0,4.0,6.0,8.0,10.0,12.0,14.0,16.0,18.0,20.0,22.0,24.0,26.0,28.0,30.0,32.0,34.0,36.0,38.0,40.0,42.0,44.0,46.0,48.0,50.0,52.0,54.0,56.0,58.0,60.0,62.0,64.0,66.0,68.0,70.0,72.0,74.0,76.0,78.0,80.0,82.0,84.0,86.0,88.0,90.0,92.0,94.0,96.0,98.0,100.0
2.0,4.0,6.0,8.0,10.0,12.0,14.0,16.0,18.0,20.0,22.0,24.0,26.0,28.0,30.0,32.0,34.0,36.0,38.0,40.0,42.0,44.0,46.0,48.0,50.0,52.0,54.0,56.0,58.0,60.0,62.0,64.0,66.0,68.0,70.0,72.0,74.0,76.0,78.0,80.0,82.0,84.0,86.0,88.0,90.0,92.0,94.0,96.0,98.0,100.0
2.0,4.0,6.0,8.0,10.0,12.0,14.0,16.0,18.0,20.0,22.0,24.0,26.0,28.0,30.0,32.0,34.0,36.0,38.0,40.0,42.0,44.0,46.0,48.0,50.0,52.0,54.0,56.0,58.0,60.0,62.0,64.0,66.0,68.0,70.0,72.0,74.0,76.0,78.0,80.0,82.0,84.0,86.0,88.0,90.0,92.0,94.0,96.0,98.0,100.0
2.0,4.0,6.0,8.0,10.0,12.0,14.0,16.0,18.0,20.0,22.0,24.0,26.0,28.0,30.0,32.0,34.0,36.0,38.0,40.0,42.0,44.0,46.0,48.0,50.0,52.0,54.0,56.0,58.0,60.0,62.0,64.0,66.0,68.0,70.0,72.0,74.0,76.0,78.0,80.0,82.0,84.0,86.0,88.0,90.0,92.0,94.0,96.0,98.0,100.0
2.0,4.0,6.0,8.0,10.0,12.0,14.0,16.0,18.0,20.0,22.0,24.0,26.0,28.0,30.0,32.0,34.0,36.0,38.0,40.0,42.0,44.0,46.0,48.0,50.0,52.0,54.0,56.0,58.0,60.0,62.0,64.0,66.0,68.0,70.0,72.0,74.0,76.0,78.0,80.0,82.0,84.0,86.0,88.0,90.0,92.0,94.0,96.0,98.0,100.0
2.0,4.0,6.0,8.0,10.0,12.0,14.0,16.0,18.0,20.0,22.0,24.0,26.0,28.0,30.0,32.0,34.0,36.0,38.0,40.0,42.0,44.0,46.0,48.0,50.0,52.0,54.0,56.0,58.0,60.0,62.0,64.0,66.0,68.0,70.0,72.0,74.0,76.0,78.0,80.0,82.0,84.0,86.0,88.0,90.0,92.0,94.0,96.0,98.0,100.0
2.0,4.0,6.0,8.0,10.0,12.0,14.0,16.0,18.0,20.0,22.0,24.0,26.0,28.0,30.0,32.0,34.0,36.0,38.0,40.0,42.0,44.0,46.0,48.0,50.0,52.0,54.0,56.0,58.0,60.0,62.0,64.0,66.0,68.0,70.0,72.0,74.0,76.0,78.0,80.0,82.0,84.0,86.0,88.0,90.0,92.0,94.0,96.0,98.0,100.0
2.0,4.0,6.0,8.0,10.0,12.0,14.0,16.0,18.0,20.0,22.0,24.0,26.0,28.0,30.0,32.0,34.0,36.0,38.0,40.0,42.0,44.0,46.0,48.0,50.0,52.0,54.0,56.0,58.0,60.0,62.0,64.0,66.0,68.0,70.0,72.0,74.0,76.0,78.0,80.0,82.0,84.0,86.0,88.0,90.0,92.0,94.0,96.0,98.0,100.0
2.0,4.0,6.0,8.0,10.0,12.0,14.0,16.0,18.0,20.0,22.0,24.0,26.0,28.0,30.0,32.0,34.0,36.0,38.0,40.0,42.0,44.0,46.0,48.0,50.0,52.0,54.0,56.0,58.0,60.0,62.0,64.0,66.0,68.0,70.0,72.0,74.0,76.0,78.0,80.0,82.0,84.0,86.0,88.0,90.0,92.0,94.0,96.0,98.0,100.0
2.0,4.0,6.0,8.0,10.0,12.0,14.0,16.0,18.0,20.0,22.0,24.0,26.0,28.0,30.0,32.0,34.0,36.0,38.0,40.0,42.0,44.0,46.0,48.0,50.0,52.0,54.0,56.0,58.0,60.0,62.0,64.0,66.0,68.0,70.0,72.0,74.0,76.0,78.0,80.0,82.0,84.0,86.0,88.0,90.0,92.0,94.0,96.0,98.0,100.0
2.0,4.0,6.0,8.0,10.0,12.0,14.0,16.0,18.0,20.0,22.0,24.0,26.0,28.0,30.0,32.0,34.0,36.0,38.0,40.0,42.0,44.0,46.0,48.0,50.0,52.0,54.0,56.0,58.0,60.0,62.0,64.0,66.0,68.0,70.0,72.0,74.0,76.0,78.0,80.0,82.0,84.0,86.0,88.0,90.0,92.0,94.0,96.0,98.0,100.0
2.0,4.0,6.0,8.0,10.0,12.0,14.0,16.0,18.0,20.0,22.0,24.0,26.0,28.0,30.0,32.0,34.0,36.0,38.0,40.0,42.0,44.0,46.0,48.0,50.0,52.0,54.0,56.0,58.0,60.0,62.0,64.0,66.0,68.0,70.0,72.0,74.0,76.0,78.0,80.0,82.0,84.0,86.0,88.0,90.0,92.0,94.0,96.0,98.0,100.0
2.0,4.0,6.0,8.0,10.0,12.0,14.0,16.0,18.0,20.0,22.0,24.0,26.0,28.0,30.0,32.0,34.0,36.0,38.0,40.0,42.0,44.0,46.0,48.0,50.0,52.0,54.0,56.0,58.0,60.0,62.0,64.0,66.0,68.0,70.0,72.0,74.0,76.0,78.0,80.0,82.0,84.0,86.0,88.0,90.0,92.0,94.0,96.0,98.0,100.0
2.0,4.0,6.0,8.0,10.0,12.0,14.0,16.0,18.0,20.0,22.0,24.0,26.0,28.0,30.0,32.0,34.0,36.0,38.0,40.0,42.0,44.0,46.0,48.0,50.0,52.0,54.0,56.0,58.0,60.0,62.0,64.0,66.0,68.0,70.0,72.0,74.0,76.0,78.0,80.0,82.0,84.0,86.0,88.0,90.0,92.0,94.0,96.0,98.0,100.0
2.0,4.0,6.0,8.0,10.0,12.0,14.0,16.0,18.0,20.0,22.0,24.0,26.0,28.0,30.0,32.0,34.0,36.0,38.0,40.0,42.0,44.0,46.0,48.0,50.0,52.0,54.0,56.0,58.0,60.0,62.0,64.0,66.0,68.0,70.0,72.0,74.0,76.0,78.0,80.0,82.0,84.0,86.0,88.0,90.0,92.0,94.0,96.0,98.0,100.0
2.0,4.0,6.0,8.0,10.0,12.0,14.0,16.0,18.0,20.0,22.0,24.0,26.0,28.0,30.0,32.0,34.0,36.0,38.0,40.0,42.0,44.0,46.0,48.0,50.0,52.0,54.0,56.0,58.0,60.0,62.0,64.0,66.0,68.0,70.0,72.0,74.0,76.0,78.0,80.0,82.0,84.0,86.0,88.0,90.0,92.0,94.0,96.0,98.0,100.0
2.0,4.0,6.0,8.0,10.0,12.0,14.0,16.0,18.0,20.0,22.0,24.0,26.0,28.0,30.0,32.0,34.0,36.0,38.0,40.0,42.0,44.0,46.0,48.0,50.0,52.0,54.0,56.0,58.0,60.0,62.0,64.0,66.0,68.0,70.0,72.0,74.0,76.0,78.0,80.0,82.0,84.0,86.0,88.0,90.0,92.0,94.0,96.0,98.0,100.0
2.0,4.0,6.0,8.0,10.0,12.0,14.0,16.0,18.0,20.0,22.0,24.0,26.0,28.0,30.0,32.0,34.0,36.0,38.0,40.0,42.0,44.0,46.0,48.0,50.0,52.0,54.0,56.0,58.0,60.0,62.0,64.0,66.0,68.0,70.0,72.0,74.0,76.0,78.0,80.0,82.0,84.0,86.0,88.0,90.0,92.0,94.0,96.0,98.0,100.0
2.0,4.0,6.0,8.0,10.0,12.0,14.0,16.0,18.0,20.0,22.0,24.0,26.0,28.0,30.0,32.0,34.0,36.0,38.0,40.0,42.0,44.0,46.0,48.0,50.0,52.0,54.0,56.0,58.0,60.0,62.0,64.0,66.0,68.0,70.0,72.0,74.0,76.0,78.0,80.0,82.0,84.0,86.0,88.0,90.0,92.0,94.0,96.0,98.0,100.0
2.0,4.0,6.0,8.0,10.0,12.0,14.0,16.0,18.0,20.0,22.0,24.0,26.0,28.0,30.0,32.0,34.0,36.0,38.0,40.0,42.0,44.0,46.0,48.0,50.0,52.0,54.0,56.0,58.0,60.0,62.0,64.0,66.0,68.0,70.0,72.0,74.0,76.0,78.0,80.0,82.0,84.0,86.0,88.0,90.0,92.0,94.0,96.0,98.0,100.0
2.0,4.0,6.0,8.0,10.0,12.0,14.0,16.0,18.0,20.0,22.0,24.0,26.0,28.0,30.0,32.0,34.0,36.0,38.0,40.0,42.0,44.0,46.0,48.0,50.0,52.0,54.0,56.0,58.0,60.0,62.0,64.0,66.0,68.0,70.0,72.0,74.0,76.0,78.0,80.0,82.0,84.0,86.0,88.0,90.0,92.0,94.0,96.0,98.0,100.0
2.0,4.0,6.0,8.0,10.0,12.0,14.0,16.0,18.0,20.0,22.0,24.0,26.0,28.0,30.0,32.0,34.0,36.0,38.0,40.0,42.0,44.0,46.0,48.0,50.0,52.0,54.0,56.0,58.0,60.0,62.0,64.0,66.0,68.0,70.0,72.0,74.0,76.0,78.0,80.0,82.0,84.0,86.0,88.0,90.0,92.0,94.0,96.0,98.0,100.0
2.0,4.0,6.0,8.0,10.0,12.0,14.0,16.0,18.0,20.0,22.0,24.0,26.0,28.0,30.0,32.0,34.0,36.0,38.0,40.0,42.0,44.0,46.0,48.0,50.0,52.0,54.0,56.0,58.0,60.0,62.0,64.0,66.0,68.0,70.0,72.0,74.0,76.0,78.0,80.0,82.0,84.0,86.0,88.0,90.0,92.0,94.0,96.0,98.0,100.0
2.0,4.0,6.0,8.0,10.0,12.0,14.0,16.0,18.0,20.0,22.0,24.0,26.0,28.0,30.0,32.0,34.0,36.0,38.0,40.0,42.0,44.0,46.0,48.0,50.0,52.0,54.0,56.0,58.0,60.0,62.0,64.0,66.0,68.0,70.0,72.0,74.0,76.0,78.0,80.0,82.0,84.0,86.0,88.0,90.0,92.0,94.0,96.0,98.0,100.0
2.0,4.0,6.0,8.0,10.0,12.0,14.0,16.0,18.0,20.0,22.0,24.0,26.0,28.0,30.0,32.0,34.0,36.0,38.0,40.0,42.0,44.0,46.0,48.0,50.0,52.0,54.0,56.0,58.0,60.0,62.0,64.0,66.0,68.0,70.0,72.0,74.0,76.0,78.0,80.0,82.0,84.0,86.0,88.0,90.0,92.0,94.0,96.0,98.0,100.0
2.0,4.0,6.0,8.0,10.0,12.0,14.0,16.0,18.0,20.0,22.0,24.0,26.0,28.0,30.0,32.0,34.0,36.0,38.0,40.0,42.0,44.0,46.0,48.0,50.0,52.0,54.0,56.0,58.0,60.0,62.0,64.0,66.0,68.0,70.0,72.0,74.0,76.0,78.0,80.0,82.0,84.0,86.0,88.0,90.0,92.0,94.0,96.0,98.0,100.0
2.0,4.0,6.0,8.0,10.0,12.0,14.0,16.0,18.0,20.0,22.0,24.0,26.0,28.0,30.0,32.0,34.0,36.0,38.0,40.0,42.0,44.0,46.0,48.0,50.0,52.0,54.0,56.0,58.0,60.0,62.0,64.0,66.0,68.0,70.0,72.0,74.0,76.0,78.0,80.0,82.0,84.0,86.0,88.0,90.0,92.0,94.0,96.0,98.0,100.0
2.0,4.0,6.0,8.0,10.0,12.0,14.0,16.0,18.0,20.0,22.0,24.0,26.0,28.0,30.0,32.0,34.0,36.0,38.0,40.0,42.0,44.0,46.0,48.0,50.0,52.0,54.0,56.0,58.0,60.0,62.0,64.0,66.0,68.0,70.0,72.0,74.0,76.0,78.0,80.0,82.0,84.0,86.0,88.0,90.0,92.0,94.0,96.0,98.0,100.0
2.0,4.0,6.0,8.0,10.0,12.0,14.0,16.0,18.0,20.0,22.0,24.0,26.0,28.0,30.0,32.0,34.0,36.0,38.0,40.0,42.0,44.0,46.0,48.0,50.0,52.0,54.0,56.0,58.0,60.0,62.0,64.0,66.0,68.0,70.0,72.0,74.0,76.0,78.0,80.0,82.0,84.0,86.0,88.0,90.0,92.0,94.0,96.0,98.0,100.0
2.0,4.0,6.0,8.0,10.0,12.0,14.0,16.0,18.0,20.0,22.0,24.0,26.0,28.0,30.0,32.0,34.0,36.0,38.0,40.0,42.0,44.0,46.0,48.0,50.0,52.0,54.0,56.0,58.0,60.0,62.0,64.0,66.0,68.0,70.0,72.0,74.0,76.0,78.0,80.0,82.0,84.0,86.0,88.0,90.0,92.0,94.0,96.0,98.0,100.0
2.0,4.0,6.0,8.0,10.0,12.0,14.0,16.0,18.0,20.0,22.0,24.0,26.0,28.0,30.0,32.0,34.0,36.0,38.0,40.0,42.0,44.0,46.0,48.0,50.0,52.0,54.0,56.0,58.0,60.0,62.0,64.0,66.0,68.0,70.0,72.0,74.0,76.0,78.0,80.0,82.0,84.0,86.0,88.0,90.0,92.0,94.0,96.0,98.0,100.0
2.0,4.0,6.0,8.0,10.0,12.0,14.0,16.0,18.0,20.0,22.0,24.0,26.0,28.0,30.0,32.0,34.0,36.0,38.0,40.0,42.0,44.0,46.0,48.0,50.0,52.0,54.0,56.0,58.0,60.0,62.0,64.0,66.0,68.0,70.0,72.0,74.0,76.0,78.0,80.0,82.0,84.0,86.0,88.0,90.0,92.0,94.0,96.0,98.0,100.0
2.0,4.0,6.0,8.0,10.0,12.0,14.0,16.0,18.0,20.0,22.0,24.0,26.0,28.0,30.0,32.0,34.0,36.0,38.0,40.0,42.0,44.0,46.0,48.0,50.0,52.0,54.0,56.0,58.0,60.0,62.0,64.0,66.0,68.0,70.0,72.0,74.0,76.0,78.0,80.0,82.0,84.0,86.0,88.0,90.0,92.0,94.0,96.0,98.0,100.0
2.0,4.0,6.0,8.0,10.0,12.0,14.0,16.0,18.0,20.0,22.0,24.0,26.0,28.0,30.0,32.0,34.0,36.0,38.0,40.0,42.0,44.0,46.0,48.0,50.0,52.0,54.0,56.0,58.0,60.0,62.0,64.0,66.0,68.0,70.0,72.0,74.0,76.0,78.0,80.0,82.0,84.0,86.0,88.0,90.0,92.0,94.0,96.0,98.0,100.0
2.0,4.0,6.0,8.0,10.0,12.0,14.0,16.0,18.0,20.0,22.0,24.0,26.0,28.0,30.0,32.0,34.0,36.0,38.0,40.0,42.0,44.0,46.0,48.0,50.0,52.0,54.0,56.0,58.0,60.0,62.0,64.0,66.0,68.0,70.0,72.0,74.0,76.0,78.0,80.0,82.0,84.0,86.0,88.0,90.0,92.0,94.0,96.0,98.0,100.0
2.0,4.0,6.0,8.0,10.0,12.0,14.0,16.0,18.0,20.0,22.0,24.0,26.0,28.0,30.0,32.0,34.0,36.0,38.0,40.0,42.0,44.0,46.0,48.0,50.0,52.0,54.0,56.0,58.0,60.0,62.0,64.0,66.0,68.0,70.0,72.0,74.0,76.0,78.0,80.0,82.0,84.0,86.0,88.0,90.0,92.0,94.0,96.0,98.0,100.0
2.0,4.0,6.0,8.0,10.0,12.0,14.0,16.0,18.0,20.0,22.0,24.0,26.0,28.0,30.0,32.0,34.0,36.0,38.0,40.0,42.0,44.0,46.0,48.0,50.0,52.0,54.0,56.0,58.0,60.0,62.0,64.0,66.0,68.0,70.0,72.0,74.0,76.0,78.0,80.0,82.0,84.0,86.0,88.0,90.0,92.0,94.0,96.0,98.0,100.0
2.0,4.0,6.0,8.0,10.0,12.0,14.0,16.0,18.0,20.0,22.0,24.0,26.0,28.0,30.0,32.0,34.0,36.0,38.0,40.0,42.0,44.0,46.0,48.0,50.0,52.0,54.0,56.0,58.0,60.0,62.0,64.0,66.0,68.0,70.0,72.0,74.0,76.0,78.0,80.0,82.0,84.0,86.0,88.0,90.0,92.0,94.0,96.0,98.0,100.0
2.0,4.0,6.0,8.0,10.0,12.0,14.0,16.0,18.0,20.0,22.0,24.0,26.0,28.0,30.0,32.0,34.0,36.0,38.0,40.0,42.0,44.0,46.0,48.0,50.0,52.0,54.0,56.0,58.0,60.0,62.0,64.0,66.0,68.0,70.0,72.0,74.0,76.0,78.0,80.0,82.0,84.0,86.0,88.0,90.0,92.0,94.0,96.0,98.0,100.0
2.0,4.0,6.0,8.0,10.0,12.0,14.0,16.0,18.0,20.0,22.0,24.0,26.0,28.0,30.0,32.0,34.0,36.0,38.0,40.0,42.0,44.0,46.0,48.0,50.0,52.0,54.0,56.0,58.0,60.0,62.0,64.0,66.0,68.0,70.0,72.0,74.0,76.0,78.0,80.0,82.0,84.0,86.0,88.0,90.0,92.0,94.0,96.0,98.0,100.0
2.0,4.0,6.0,8.0,10.0,12.0,14.0,16.0,18.0,20.0,22.0,24.0,26.0,28.0,30.0,32.0,34.0,36.0,38.0,40.0,42.0,44.0,46.0,48.0,50.0,52.0,54.0,56.0,58.0,60.0,62.0,64.0,66.0,68.0,70.0,72.0,74.0,76.0,78.0,80.0,82.0,84.0,86.0,88.0,90.0,92.0,94.0,96.0,98.0,100.0
2.0,4.0,6.0,8.0,10.0,12.0,14.0,16.0,18.0,20.0,22.0,24.0,26.0,28.0,30.0,32.0,34.0,36.0,38.0,40.0,42.0,44.0,46.0,48.0,50.0,52.0,54.0,56.0,58.0,60.0,62.0,64.0,66.0,68.0,70.0,72.0,74.0,76.0,78.0,80.0,82.0,84.0,86.0,88.0,90.0,92.0,94.0,96.0,98.0,100.0
2.0,4.0,6.0,8.0,10.0,12.0,14.0,16.0,18.0,20.0,22.0,24.0,26.0,28.0,30.0,32.0,34.0,36.0,38.0,40.0,42.0,44.0,46.0,48.0,50.0,52.0,54.0,56.0,58.0,60.0,62.0,64.0,66.0,68.0,70.0,72.0,74.0,76.0,78.0,80.0,82.0,84.0,86.0,88.0,90.0,92.0,94.0,96.0,98.0,100.0
starting cell matrix
"1",Point(2.1989616801923115,6.543398681507284),1.1079381520902831,0,0,"Alive",0
"2",Point(5.925820658600946,2.1696313458469283),1.1740406936461594,0,0,"Alive",0
"3",Point(3.006838180280078,1.6328247610451232),1.0071318919632126,0,0,"Alive",0
"4",Point(7.428136026169418,3.8121423521383266),0.9058390044499776,0,0,"Alive",0
"5",Point(8.491961755745436,6.709004952643101),1.140842076477131,0,0,"Alive",0
"6",Point(2.065399047154784,3.859132886221949),1.324023742633725,0,0,"Alive",0
"7",Point(5.207658670478525,6.907512680984052),1.095956926266647,0,0,"Alive",0
"8",Point(6.596772254494,8.868832852498313),1.1235481504135674,0,0,"Alive",0
"9",Point(5.657002608600023,4.453754737058676),0.9515231711595946,0,0,"Alive",0
"10",Point(8.008835343078609,1.1603581601277504),1.016917896790642,0,0,"Alive",0
subsequent cell matrices
"1",Point(2.1989616801923115,6.543398681507284),1.1079381520902831,0,0,"Alive",0
"2",Point(5.925820658600946,2.1696313458469283),1.1740406936461594,0,0,"Alive",0
"3",Point(3.006838180280078,1.6328247610451232),1.0071318919632126,0,0,"Alive",0
"4",Point(7.428136026169418,3.8121423521383266),0.9058390044499776,0,0,"Alive",0
"5",Point(8.491961755745436,6.709004952643101),1.140842076477131,0,0,"Alive",0
"6",Point(2.065399047154784,3.859132886221949),1.324023742633725,0,0,"Alive",0
"7",Point(5.4224285703672415,6.903631211978477),1.095956926266647,-0.018070718938472438,0,"Alive",0
"8",Point(6.596772254494,8.868832852498313),1.1235481504135674,0,0,"Alive",0
"9",Point(5.657002608600023,4.453754737058676),0.9515231711595946,0,0,"Alive",0
"10",Point(8.008835343078609,1.1603581601277504),1.016917896790642,0,0,"Alive",0
"1",Point(2.1989616801923115,6.543398681507284),1.1079381520902831,0,0,"Alive",0
"2",Point(5.925820658600946,2.1696313458469283),1.1740406936461594,0,0,"Alive",0
"3",Point(3.006838180280078,1.6328247610451232),1.0071318919632126,0,0,"Alive",0
"4",Point(7.428136026169418,3.8121423521383266),0.9058390044499776,0,0,"Alive",0
"5",Point(8.852496453071716,6.681397962355993),1.140842076477131,0.0737098078026267,0,"Alive",0
"6",Point(2.065399047154784,3.859132886221949),1.324023742633725,0,0,"Alive",0
"7",Point(5.4224285703672415,6.903631211978477),1.095956926266647,-0.018070718938472438,0,"Alive",0
"8",Point(6.596772254494,8.868832852498313),1.1235481504135674,0,0,"Alive",0
"9",Point(5.657002608600023,4.453754737058676),0.9515231711595946,0,0,"Alive",0
"10",Point(8.008835343078609,1.1603581601277504),1.016917896790642,0,0,"Alive",0
"1",Point(2.1989616801923115,6.543398681507284),1.1079381520902831,0,0,"Alive",0
"2",Point(5.925820658600946,2.1696313458469283),1.1740406936461594,0,0,"Alive",0
"3",Point(3.006838180280078,1.6328247610451232),1.0071318919632126,0,0,"Alive",0
"4",Point(7.428136026169418,3.8121423521383266),0.9058390044499776,0,0,"Alive",0
"5",Point(8.333033750040391,6.696941549814691),1.140842076477131,-0.029165913156449903,0,"Alive",0
"6",Point(2.065399047154784,3.859132886221949),1.324023742633725,0,0,"Alive",0
"7",Point(5.4224285703672415,6.903631211978477),1.095956926266647,-0.018070718938472438,0,"Alive",0
"8",Point(6.596772254494,8.868832852498313),1.1235481504135674,0,0,"Alive",0
"9",Point(5.657002608600023,4.453754737058676),0.9515231711595946,0,0,"Alive",0
"10",Point(8.008835343078609,1.1603581601277504),1.016917896790642,0,0,"Alive",0
"1",Point(2.1989616801923115,6.543398681507284),1.1079381520902831,0,0,"Alive",0
"2",Point(5.925820658600946,2.1696313458469283),1.1740406936461594,0,0,"Alive",0
"3",Point(3.006838180280078,1.6328247610451232),1.0071318919632126,0,0,"Alive",0
"4",Point(7.428136026169418,3.8121423521383266),0.9058390044499776,0,0,"Alive",0
"5",Point(8.333033750040391,6.696941549814691),1.140842076477131,-0.029165913156449903,0,"Alive",0
"6",Point(2.065399047154784,3.859132886221949),1.324023742633725,0,0,"Alive",0
"7",Point(5.4224285703672415,6.903631211978477),1.095956926266647,-0.018070718938472438,0,"Alive",0
"8",Point(7.054881415909897,8.83588760548159),1.1235481504135674,-0.07179211683114067,0,"Alive",0
"9",Point(5.657002608600023,4.453754737058676),0.9515231711595946,0,0,"Alive",0
"10",Point(8.008835343078609,1.1603581601277504),1.016917896790642,0,0,"Alive",0
"1",Point(2.1989616801923115,6.543398681507284),1.1079381520902831,0,0,"Alive",0
"2",Point(5.925820658600946,2.1696313458469283),1.1740406936461594,0.0,0.0,"Alive",0
"3",Point(3.006838180280078,1.6328247610451232),1.0071318919632126,0,0,"Alive",0
"4",Point(7.428136026169418,3.8121423521383266),0.9058390044499776,0,0,"Alive",0
"5",Point(8.333033750040391,6.696941549814691),1.140842076477131,-0.029165913156449903,0,"Alive",0
"6",Point(2.065399047154784,3.859132886221949),1.324023742633725,0,0,"Alive",0
"7",Point(5.4224285703672415,6.903631211978477),1.095956926266647,-0.018070718938472438,0,"Alive",0
"8",Point(7.054881415909897,8.83588760548159),1.1235481504135674,-0.07179211683114067,0,"Alive",0
"9",Point(5.657002608600023,4.453754737058676),0.9515231711595946,0,0,"Alive",0
"10",Point(8.008835343078609,1.1603581601277504),1.016917896790642,0,0,"Alive",0
"1",Point(2.1989616801923115,6.543398681507284),1.1079381520902831,0,0,"Alive",0
"2",Point(5.925820658600946,2.1696313458469283),1.1740406936461594,0.0,0.0,"Alive",0
"3",Point(3.006838180280078,1.6328247610451232),1.0071318919632126,0,0,"Alive",0
"4",Point(7.428136026169418,3.8121423521383266),0.9058390044499776,0,0,"Alive",0
"5",Point(8.333033750040391,6.696941549814691),1.140842076477131,-0.029165913156449903,0,"Alive",0
"6",Point(2.065399047154784,3.859132886221949),1.324023742633725,0,0,"Alive",0
"7",Point(5.4224285703672415,6.903631211978477),1.095956926266647,-0.018070718938472438,0,"Alive",0
"8",Point(7.054881415909897,8.83588760548159),1.1235481504135674,-0.07179211683114067,0,"Alive",0
"9",Point(5.657002608600023,4.453754737058676),0.9515231711595946,0.0,0.0,"Alive",0
"10",Point(8.008835343078609,1.1603581601277504),1.016917896790642,0,0,"Alive",0
"1",Point(2.1989616801923115,6.543398681507284),1.1079381520902831,0,0,"Alive",0
"2",Point(5.925820658600946,2.1696313458469283),1.1740406936461594,0.0,0.0,"Alive",0
"3",Point(3.006838180280078,1.6328247610451232),1.0071318919632126,0,0,"Alive",0
"4",Point(7.428136026169418,3.8121423521383266),0.9058390044499776,0,0,"Alive",0
"5",Point(8.333033750040391,6.696941549814691),1.140842076477131,-0.029165913156449903,0,"Alive",0
"6",Point(2.065399047154784,3.859132886221949),1.324023742633725,0,0,"Alive",0
"7",Point(5.4224285703672415,6.903631211978477),1.095956926266647,-0.018070718938472438,0,"Alive",0
"8",Point(7.054881415909897,8.83588760548159),1.1235481504135674,-0.07179211683114067,0,"Alive",0
"9",Point(5.657002608600023,4.453754737058676),0.9515231711595946,0.0,0.0,"Alive",0
"10",Point(8.008835343078609,1.1603581601277504),1.016917896790642,0,0,"Alive",0
"1",Point(2.1989616801923115,6.543398681507284),1.1079381520902831,0,0,"Alive",0
"2",Point(5.925820658600946,2.1696313458469283),1.1740406936461594,0.0,0.0,"Alive",0
"3",Point(3.006838180280078,1.6328247610451232),1.0071318919632126,0,0,"Alive",0
"4",Point(7.428136026169418,3.8121423521383266),0.9058390044499776,0,0,"Alive",0
"5",Point(8.333033750040391,6.696941549814691),1.140842076477131,-0.029165913156449903,0,"Alive",0
"6",Point(2.065399047154784,3.859132886221949),1.324023742633725,0,0,"Alive",0
"7",Point(5.4224285703672415,6.903631211978477),1.095956926266647,-0.018070718938472438,0,"Alive",0
"8",Point(7.5096151645220175,8.808370181466648),1.1235481504135674,-0.06043956365389411,0,"Alive",0
"9",Point(5.657002608600023,4.453754737058676),0.9515231711595946,0.0,0.0,"Alive",0
"10",Point(8.008835343078609,1.1603581601277504),1.016917896790642,0,0,"Alive",0
"1",Point(2.1989616801923115,6.543398681507284),1.1079381520902831,0,0,"Alive",0
"2",Point(5.925820658600946,2.1696313458469283),1.1740406936461594,0.0,0.0,"Alive",0
"3",Point(3.006838180280078,1.6328247610451232),1.0071318919632126,0,0,"Alive",0
"4",Point(7.428136026169418,3.8121423521383266),0.9058390044499776,0,0,"Alive",0
"5",Point(8.333033750040391,6.696941549814691),1.140842076477131,-0.029165913156449903,0,"Alive",0
"6",Point(2.065399047154784,3.859132886221949),1.324023742633725,0,0,"Alive",0
"7",Point(5.4224285703672415,6.903631211978477),1.095956926266647,-0.018070718938472438,0,"Alive",0
"8",Point(7.5096151645220175,8.808370181466648),1.1235481504135674,-0.06043956365389411,0,"Alive",0
"9",Point(5.657002608600023,4.453754737058676),0.9515231711595946,0.0,0.0,"Alive",0
"10",Point(8.008835343078609,1.1603581601277504),1.016917896790642,0,0,"Alive",0
"1",Point(3.0349540399111614,6.509774507414279),1.1079381520902831,-0.0401990041871399,0,"Alive",0
"2",Point(5.925820658600946,2.1696313458469283),1.1740406936461594,0.0,0.0,"Alive",0
"3",Point(3.006838180280078,1.6328247610451232),1.0071318919632126,0,0,"Alive",0
"4",Point(7.428136026169418,3.8121423521383266),0.9058390044499776,0,0,"Alive",0
"5",Point(8.333033750040391,6.696941549814691),1.140842076477131,-0.029165913156449903,0,"Alive",0
"6",Point(2.065399047154784,3.859132886221949),1.324023742633725,0,0,"Alive",0
"7",Point(5.4224285703672415,6.903631211978477),1.095956926266647,-0.018070718938472438,0,"Alive",0
"8",Point(7.5096151645220175,8.808370181466648),1.1235481504135674,-0.06043956365389411,0,"Alive",0
"9",Point(5.657002608600023,4.453754737058676),0.9515231711595946,0.0,0.0,"Alive",0
"10",Point(8.008835343078609,1.1603581601277504),1.016917896790642,0,0,"Alive",0
"1",Point(3.0349540399111614,6.509774507414279),1.1079381520902831,-0.0401990041871399,0,"Alive",0
"2",Point(5.925820658600946,2.1696313458469283),1.1740406936461594,0.0,0.0,"Alive",0
"3",Point(3.006838180280078,1.6328247610451232),1.0071318919632126,0.0,0.0,"Alive",0
"4",Point(7.428136026169418,3.8121423521383266),0.9058390044499776,0,0,"Alive",0
"5",Point(8.333033750040391,6.696941549814691),1.140842076477131,-0.029165913156449903,0,"Alive",0
"6",Point(2.065399047154784,3.859132886221949),1.324023742633725,0,0,"Alive",0
"7",Point(5.4224285703672415,6.903631211978477),1.095956926266647,-0.018070718938472438,0,"Alive",0
"8",Point(7.5096151645220175,8.808370181466648),1.1235481504135674,-0.06043956365389411,0,"Alive",0
"9",Point(5.657002608600023,4.453754737058676),0.9515231711595946,0.0,0.0,"Alive",0
"10",Point(8.008835343078609,1.1603581601277504),1.016917896790642,0,0,"Alive",0
"1",Point(3.0349540399111614,6.509774507414279),1.1079381520902831,-0.0401990041871399,0,"Alive",0
"2",Point(5.925820658600946,2.1696313458469283),1.1740406936461594,0.0,0.0,"Alive",0
"3",Point(3.006838180280078,1.6328247610451232),1.0071318919632126,0.0,0.0,"Alive",0
"4",Point(7.428136026169418,3.8121423521383266),0.9058390044499776,0,0,"Alive",0
"5",Point(8.333033750040391,6.696941549814691),1.140842076477131,-0.029165913156449903,0,"Alive",0
"6",Point(2.065399047154784,3.859132886221949),1.324023742633725,0,0,"Alive",0
"7",Point(6.065772923420475,6.961597128700121),1.095956926266647,0.0898582802987818,0,"Alive",0
"8",Point(7.5096151645220175,8.808370181466648),1.1235481504135674,-0.06043956365389411,0,"Alive",0
"9",Point(5.657002608600023,4.453754737058676),0.9515231711595946,0.0,0.0,"Alive",0
"10",Point(8.008835343078609,1.1603581601277504),1.016917896790642,0,0,"Alive",0
"1",Point(3.0349540399111614,6.509774507414279),1.1079381520902831,-0.0401990041871399,0,"Alive",0
"2",Point(6.002578300223426,2.170616153621916),1.1740406936461594,0.012829390307901336,0.0,"Alive",0
"3",Point(3.006838180280078,1.6328247610451232),1.0071318919632126,0.0,0.0,"Alive",0
"4",Point(7.428136026169418,3.8121423521383266),0.9058390044499776,0,0,"Alive",0
"5",Point(8.333033750040391,6.696941549814691),1.140842076477131,-0.029165913156449903,0,"Alive",0
"6",Point(2.065399047154784,3.859132886221949),1.324023742633725,0,0,"Alive",0
"7",Point(6.065772923420475,6.961597128700121),1.095956926266647,0.0898582802987818,0,"Alive",0
"8",Point(7.5096151645220175,8.808370181466648),1.1235481504135674,-0.06043956365389411,0,"Alive",0
"9",Point(5.657002608600023,4.453754737058676),0.9515231711595946,0.0,0.0,"Alive",0
"10",Point(8.008835343078609,1.1603581601277504),1.016917896790642,0,0,"Alive",0
"1",Point(3.0349540399111614,6.509774507414279),1.1079381520902831,-0.0401990041871399,0,"Alive",0
"2",Point(6.002578300223426,2.170616153621916),1.1740406936461594,0.012829390307901336,0.0,"Alive",0
"3",Point(3.006838180280078,1.6328247610451232),1.0071318919632126,0.0,0.0,"Alive",0
"4",Point(7.428136026169418,3.8121423521383266),0.9058390044499776,0,0,"Alive",0
"5",Point(8.333033750040391,6.696941549814691),1.140842076477131,-0.029165913156449903,0,"Alive",0
"6",Point(2.271315235618271,3.8637309725365827),1.324023742633725,0.02232618201914145,0,"Alive",0
"7",Point(6.065772923420475,6.961597128700121),1.095956926266647,0.0898582802987818,0,"Alive",0
"8",Point(7.5096151645220175,8.808370181466648),1.1235481504135674,-0.06043956365389411,0,"Alive",0
"9",Point(5.657002608600023,4.453754737058676),0.9515231711595946,0.0,0.0,"Alive",0
"10",Point(8.008835343078609,1.1603581601277504),1.016917896790642,0,0,"Alive",0
"1",Point(3.0349540399111614,6.509774507414279),1.1079381520902831,-0.0401990041871399,0,"Alive",0
"2",Point(6.002578300223426,2.170616153621916),1.1740406936461594,0.012829390307901336,0.0,"Alive",0
"3",Point(3.006838180280078,1.6328247610451232),1.0071318919632126,0.0,0.0,"Alive",0
"4",Point(7.428136026169418,3.8121423521383266),0.9058390044499776,0,0,"Alive",0
"5",Point(8.333033750040391,6.696941549814691),1.140842076477131,-0.029165913156449903,0,"Alive",0
"6",Point(2.271315235618271,3.8637309725365827),1.324023742633725,0.02232618201914145,0,"Alive",0
"7",Point(6.065772923420475,6.961597128700121),1.095956926266647,0.0898582802987818,0,"Alive",0
"8",Point(7.5096151645220175,8.808370181466648),1.1235481504135674,0.0,0.0,"Alive",0
"9",Point(5.657002608600023,4.453754737058676),0.9515231711595946,0.0,0.0,"Alive",0
"10",Point(8.008835343078609,1.1603581601277504),1.016917896790642,0,0,"Alive",0
"1",Point(3.0349540399111614,6.509774507414279),1.1079381520902831,-0.0401990041871399,0,"Alive",0
"2",Point(6.002578300223426,2.170616153621916),1.1740406936461594,0.012829390307901336,0.0,"Alive",0
"3",Point(3.006838180280078,1.6328247610451232),1.0071318919632126,0.0,0.0,"Alive",0
"4",Point(7.428136026169418,3.8121423521383266),0.9058390044499776,0,0,"Alive",0
"5",Point(8.333033750040391,6.696941549814691),1.140842076477131,-0.029165913156449903,0,"Alive",0
"6",Point(2.271315235618271,3.8637309725365827),1.324023742633725,0.02232618201914145,0,"Alive",0
"7",Point(6.065772923420475,6.961597128700121),1.095956926266647,0.0898582802987818,0,"Alive",0
"8",Point(7.5096151645220175,8.808370181466648),1.1235481504135674,0.0,0.0,"Alive",0
"9",Point(5.657002608600023,4.453754737058676),0.9515231711595946,0.0,0.0,"Alive",0
"10",Point(8.905948962975604,1.1519719410367013),1.016917896790642,-0.00934772880595258,0,"Alive",0
"1",Point(3.0349540399111614,6.509774507414279),1.1079381520902831,-0.0401990041871399,0,"Alive",0
"2",Point(6.002578300223426,2.170616153621916),1.1740406936461594,0.012829390307901336,0.0,"Alive",0
"3",Point(3.409794111828711,1.6084071905203545),1.0071318919632126,-0.060522126779572506,0.0,"Alive",0
"4",Point(7.428136026169418,3.8121423521383266),0.9058390044499776,0,0,"Alive",0
"5",Point(8.333033750040391,6.696941549814691),1.140842076477131,-0.029165913156449903,0,"Alive",0
"6",Point(2.271315235618271,3.8637309725365827),1.324023742633725,0.02232618201914145,0,"Alive",0
"7",Point(6.065772923420475,6.961597128700121),1.095956926266647,0.0898582802987818,0,"Alive",0
"8",Point(7.5096151645220175,8.808370181466648),1.1235481504135674,0.0,0.0,"Alive",0
"9",Point(5.657002608600023,4.453754737058676),0.9515231711595946,0.0,0.0,"Alive",0
"10",Point(8.905948962975604,1.1519719410367013),1.016917896790642,-0.00934772880595258,0,"Alive",0
"1",Point(3.0349540399111614,6.509774507414279),1.1079381520902831,-0.0401990041871399,0,"Alive",0
"2",Point(6.002578300223426,2.170616153621916),1.1740406936461594,0.012829390307901336,0.0,"Alive",0
"3",Point(3.409794111828711,1.6084071905203545),1.0071318919632126,-0.060522126779572506,0.0,"Alive",0
"4",Point(7.428136026169418,3.8121423521383266),0.9058390044499776,0,0,"Alive",0
"5",Point(8.741908170762262,6.719885696931518),1.140842076477131,0.05605659863146203,0,"Alive",0
"6",Point(2.271315235618271,3.8637309725365827),1.324023742633725,0.02232618201914145,0,"Alive",0
"7",Point(6.065772923420475,6.961597128700121),1.095956926266647,0.0898582802987818,0,"Alive",0
"8",Point(7.5096151645220175,8.808370181466648),1.1235481504135674,0.0,0.0,"Alive",0
"9",Point(5.657002608600023,4.453754737058676),0.9515231711595946,0.0,0.0,"Alive",0
"10",Point(8.905948962975604,1.1519719410367013),1.016917896790642,-0.00934772880595258,0,"Alive",0
"1",Point(3.0349540399111614,6.509774507414279),1.1079381520902831,-0.0401990041871399,0,"Alive",0
"2",Point(6.002578300223426,2.170616153621916),1.1740406936461594,0.012829390307901336,0.0,"Alive",0
"3",Point(3.409794111828711,1.6084071905203545),1.0071318919632126,-0.060522126779572506,0.0,"Alive",0
"4",Point(7.428136026169418,3.8121423521383266),0.9058390044499776,0,0,"Alive",0
"5",Point(8.741908170762262,6.719885696931518),1.140842076477131,0.0,0.0,"Alive",0
"6",Point(2.271315235618271,3.8637309725365827),1.324023742633725,0.02232618201914145,0,"Alive",0
"7",Point(6.065772923420475,6.961597128700121),1.095956926266647,0.0898582802987818,0,"Alive",0
"8",Point(7.5096151645220175,8.808370181466648),1.1235481504135674,0.0,0.0,"Alive",0
"9",Point(5.657002608600023,4.453754737058676),0.9515231711595946,0.0,0.0,"Alive",0
"10",Point(8.905948962975604,1.1519719410367013),1.016917896790642,-0.00934772880595258,0,"Alive",0
"1",Point(3.4812250392047694,6.510986372567028),1.1079381520902831,0.002715529747306373,0,"Alive",0
"2",Point(6.002578300223426,2.170616153621916),1.1740406936461594,0.012829390307901336,0.0,"Alive",0
"3",Point(3.409794111828711,1.6084071905203545),1.0071318919632126,-0.060522126779572506,0.0,"Alive",0
"4",Point(7.428136026169418,3.8121423521383266),0.9058390044499776,0,0,"Alive",0
"5",Point(8.741908170762262,6.719885696931518),1.140842076477131,0.0,0.0,"Alive",0
"6",Point(2.271315235618271,3.8637309725365827),1.324023742633725,0.02232618201914145,0,"Alive",0
"7",Point(6.065772923420475,6.961597128700121),1.095956926266647,0.0898582802987818,0,"Alive",0
"8",Point(7.5096151645220175,8.808370181466648),1.1235481504135674,0.0,0.0,"Alive",0
"9",Point(5.657002608600023,4.453754737058676),0.9515231711595946,0.0,0.0,"Alive",0
"10",Point(8.905948962975604,1.1519719410367013),1.016917896790642,-0.00934772880595258,0,"Alive",0
