time,diffusion rate
27 Jan 2015 05:19:32 PM,1.0
Number of cells,Speed of cells,Average cell radius,Number of timesteps,Width of environment,Height of environment,Probability of cell division,Probability of cell death
10.0,1.0,1.0,20.0,10.0,10.0,0.0,0.0
starting concentration map
2.0,4.0,6.0,8.0,10.0,12.0,14.0,16.0,18.0,20.0,22.0,24.0,26.0,28.0,30.0,32.0,34.0,36.0,38.0,40.0,42.0,44.0,46.0,48.0,50.0,52.0,54.0,56.0,58.0,60.0,62.0,64.0,66.0,68.0,70.0,72.0,74.0,76.0,78.0,80.0,82.0,84.0,86.0,88.0,90.0,92.0,94.0,96.0,98.0,100.0
2.0,4.0,6.0,8.0,10.0,12.0,14.0,16.0,18.0,20.0,22.0,24.0,26.0,28.0,30.0,32.0,34.0,36.0,38.0,40.0,42.0,44.0,46.0,48.0,50.0,52.0,54.0,56.0,58.0,60.0,62.0,64.0,66.0,68.0,70.0,72.0,74.0,76.0,78.0,80.0,82.0,84.0,86.0,88.0,90.0,92.0,94.0,96.0,98.0,100.0
2.0,4.0,6.0,8.0,10.0,12.0,14.0,16.0,18.0,20.0,22.0,24.0,26.0,28.0,30.0,32.0,34.0,36.0,38.0,40.0,42.0,44.0,46.0,48.0,50.0,52.0,54.0,56.0,58.0,60.0,62.0,64.0,66.0,68.0,70.0,72.0,74.0,76.0,78.0,80.0,82.0,84.0,86.0,88.0,90.0,92.0,94.0,96.0,98.0,100.0
2.0,4.0,6.0,8.0,10.0,12.0,14.0,16.0,18.0,20.0,22.0,24.0,26.0,28.0,30.0,32.0,34.0,36.0,38.0,40.0,42.0,44.0,46.0,48.0,50.0,52.0,54.0,56.0,58.0,60.0,62.0,64.0,66.0,68.0,70.0,72.0,74.0,76.0,78.0,80.0,82.0,84.0,86.0,88.0,90.0,92.0,94.0,96.0,98.0,100.0
2.0,4.0,6.0,8.0,10.0,12.0,14.0,16.0,18.0,20.0,22.0,24.0,26.0,28.0,30.0,32.0,34.0,36.0,38.0,40.0,42.0,44.0,46.0,48.0,50.0,52.0,54.0,56.0,58.0,60.0,62.0,64.0,66.0,68.0,70.0,72.0,74.0,76.0,78.0,80.0,82.0,84.0,86.0,88.0,90.0,92.0,94.0,96.0,98.0,100.0
2.0,4.0,6.0,8.0,10.0,12.0,14.0,16.0,18.0,20.0,22.0,24.0,26.0,28.0,30.0,32.0,34.0,36.0,38.0,40.0,42.0,44.0,46.0,48.0,50.0,52.0,54.0,56.0,58.0,60.0,62.0,64.0,66.0,68.0,70.0,72.0,74.0,76.0,78.0,80.0,82.0,84.0,86.0,88.0,90.0,92.0,94.0,96.0,98.0,100.0
2.0,4.0,6.0,8.0,10.0,12.0,14.0,16.0,18.0,20.0,22.0,24.0,26.0,28.0,30.0,32.0,34.0,36.0,38.0,40.0,42.0,44.0,46.0,48.0,50.0,52.0,54.0,56.0,58.0,60.0,62.0,64.0,66.0,68.0,70.0,72.0,74.0,76.0,78.0,80.0,82.0,84.0,86.0,88.0,90.0,92.0,94.0,96.0,98.0,100.0
2.0,4.0,6.0,8.0,10.0,12.0,14.0,16.0,18.0,20.0,22.0,24.0,26.0,28.0,30.0,32.0,34.0,36.0,38.0,40.0,42.0,44.0,46.0,48.0,50.0,52.0,54.0,56.0,58.0,60.0,62.0,64.0,66.0,68.0,70.0,72.0,74.0,76.0,78.0,80.0,82.0,84.0,86.0,88.0,90.0,92.0,94.0,96.0,98.0,100.0
2.0,4.0,6.0,8.0,10.0,12.0,14.0,16.0,18.0,20.0,22.0,24.0,26.0,28.0,30.0,32.0,34.0,36.0,38.0,40.0,42.0,44.0,46.0,48.0,50.0,52.0,54.0,56.0,58.0,60.0,62.0,64.0,66.0,68.0,70.0,72.0,74.0,76.0,78.0,80.0,82.0,84.0,86.0,88.0,90.0,92.0,94.0,96.0,98.0,100.0
2.0,4.0,6.0,8.0,10.0,12.0,14.0,16.0,18.0,20.0,22.0,24.0,26.0,28.0,30.0,32.0,34.0,36.0,38.0,40.0,42.0,44.0,46.0,48.0,50.0,52.0,54.0,56.0,58.0,60.0,62.0,64.0,66.0,68.0,70.0,72.0,74.0,76.0,78.0,80.0,82.0,84.0,86.0,88.0,90.0,92.0,94.0,96.0,98.0,100.0
2.0,4.0,6.0,8.0,10.0,12.0,14.0,16.0,18.0,20.0,22.0,24.0,26.0,28.0,30.0,32.0,34.0,36.0,38.0,40.0,42.0,44.0,46.0,48.0,50.0,52.0,54.0,56.0,58.0,60.0,62.0,64.0,66.0,68.0,70.0,72.0,74.0,76.0,78.0,80.0,82.0,84.0,86.0,88.0,90.0,92.0,94.0,96.0,98.0,100.0
2.0,4.0,6.0,8.0,10.0,12.0,14.0,16.0,18.0,20.0,22.0,24.0,26.0,28.0,30.0,32.0,34.0,36.0,38.0,40.0,42.0,44.0,46.0,48.0,50.0,52.0,54.0,56.0,58.0,60.0,62.0,64.0,66.0,68.0,70.0,72.0,74.0,76.0,78.0,80.0,82.0,84.0,86.0,88.0,90.0,92.0,94.0,96.0,98.0,100.0
2.0,4.0,6.0,8.0,10.0,12.0,14.0,16.0,18.0,20.0,22.0,24.0,26.0,28.0,30.0,32.0,34.0,36.0,38.0,40.0,42.0,44.0,46.0,48.0,50.0,52.0,54.0,56.0,58.0,60.0,62.0,64.0,66.0,68.0,70.0,72.0,74.0,76.0,78.0,80.0,82.0,84.0,86.0,88.0,90.0,92.0,94.0,96.0,98.0,100.0
2.0,4.0,6.0,8.0,10.0,12.0,14.0,16.0,18.0,20.0,22.0,24.0,26.0,28.0,30.0,32.0,34.0,36.0,38.0,40.0,42.0,44.0,46.0,48.0,50.0,52.0,54.0,56.0,58.0,60.0,62.0,64.0,66.0,68.0,70.0,72.0,74.0,76.0,78.0,80.0,82.0,84.0,86.0,88.0,90.0,92.0,94.0,96.0,98.0,100.0
2.0,4.0,6.0,8.0,10.0,12.0,14.0,16.0,18.0,20.0,22.0,24.0,26.0,28.0,30.0,32.0,34.0,36.0,38.0,40.0,42.0,44.0,46.0,48.0,50.0,52.0,54.0,56.0,58.0,60.0,62.0,64.0,66.0,68.0,70.0,72.0,74.0,76.0,78.0,80.0,82.0,84.0,86.0,88.0,90.0,92.0,94.0,96.0,98.0,100.0
2.0,4.0,6.0,8.0,10.0,12.0,14.0,16.0,18.0,20.0,22.0,24.0,26.0,28.0,30.0,32.0,34.0,36.0,38.0,40.0,42.0,44.0,46.0,48.0,50.0,52.0,54.0,56.0,58.0,60.0,62.0,64.0,66.0,68.0,70.0,72.0,74.0,76.0,78.0,80.0,82.0,84.0,86.0,88.0,90.0,92.0,94.0,96.0,98.0,100.0
2.0,4.0,6.0,8.0,10.0,12.0,14.0,16.0,18.0,20.0,22.0,24.0,26.0,28.0,30.0,32.0,34.0,36.0,38.0,40.0,42.0,44.0,46.0,48.0,50.0,52.0,54.0,56.0,58.0,60.0,62.0,64.0,66.0,68.0,70.0,72.0,74.0,76.0,78.0,80.0,82.0,84.0,86.0,88.0,90.0,92.0,94.0,96.0,98.0,100.0
2.0,4.0,6.0,8.0,10.0,12.0,14.0,16.0,18.0,20.0,22.0,24.0,26.0,28.0,30.0,32.0,34.0,36.0,38.0,40.0,42.0,44.0,46.0,48.0,50.0,52.0,54.0,56.0,58.0,60.0,62.0,64.0,66.0,68.0,70.0,72.0,74.0,76.0,78.0,80.0,82.0,84.0,86.0,88.0,90.0,92.0,94.0,96.0,98.0,100.0
2.0,4.0,6.0,8.0,10.0,12.0,14.0,16.0,18.0,20.0,22.0,24.0,26.0,28.0,30.0,32.0,34.0,36.0,38.0,40.0,42.0,44.0,46.0,48.0,50.0,52.0,54.0,56.0,58.0,60.0,62.0,64.0,66.0,68.0,70.0,72.0,74.0,76.0,78.0,80.0,82.0,84.0,86.0,88.0,90.0,92.0,94.0,96.0,98.0,100.0
2.0,4.0,6.0,8.0,10.0,12.0,14.0,16.0,18.0,20.0,22.0,24.0,26.0,28.0,30.0,32.0,34.0,36.0,38.0,40.0,42.0,44.0,46.0,48.0,50.0,52.0,54.0,56.0,58.0,60.0,62.0,64.0,66.0,68.0,70.0,72.0,74.0,76.0,78.0,80.0,82.0,84.0,86.0,88.0,90.0,92.0,94.0,96.0,98.0,100.0
2.0,4.0,6.0,8.0,10.0,12.0,14.0,16.0,18.0,20.0,22.0,24.0,26.0,28.0,30.0,32.0,34.0,36.0,38.0,40.0,42.0,44.0,46.0,48.0,50.0,52.0,54.0,56.0,58.0,60.0,62.0,64.0,66.0,68.0,70.0,72.0,74.0,76.0,78.0,80.0,82.0,84.0,86.0,88.0,90.0,92.0,94.0,96.0,98.0,100.0
2.0,4.0,6.0,8.0,10.0,12.0,14.0,16.0,18.0,20.0,22.0,24.0,26.0,28.0,30.0,32.0,34.0,36.0,38.0,40.0,42.0,44.0,46.0,48.0,50.0,52.0,54.0,56.0,58.0,60.0,62.0,64.0,66.0,68.0,70.0,72.0,74.0,76.0,78.0,80.0,82.0,84.0,86.0,88.0,90.0,92.0,94.0,96.0,98.0,100.0
2.0,4.0,6.0,8.0,10.0,12.0,14.0,16.0,18.0,20.0,22.0,24.0,26.0,28.0,30.0,32.0,34.0,36.0,38.0,40.0,42.0,44.0,46.0,48.0,50.0,52.0,54.0,56.0,58.0,60.0,62.0,64.0,66.0,68.0,70.0,72.0,74.0,76.0,78.0,80.0,82.0,84.0,86.0,88.0,90.0,92.0,94.0,96.0,98.0,100.0
2.0,4.0,6.0,8.0,10.0,12.0,14.0,16.0,18.0,20.0,22.0,24.0,26.0,28.0,30.0,32.0,34.0,36.0,38.0,40.0,42.0,44.0,46.0,48.0,50.0,52.0,54.0,56.0,58.0,60.0,62.0,64.0,66.0,68.0,70.0,72.0,74.0,76.0,78.0,80.0,82.0,84.0,86.0,88.0,90.0,92.0,94.0,96.0,98.0,100.0
2.0,4.0,6.0,8.0,10.0,12.0,14.0,16.0,18.0,20.0,22.0,24.0,26.0,28.0,30.0,32.0,34.0,36.0,38.0,40.0,42.0,44.0,46.0,48.0,50.0,52.0,54.0,56.0,58.0,60.0,62.0,64.0,66.0,68.0,70.0,72.0,74.0,76.0,78.0,80.0,82.0,84.0,86.0,88.0,90.0,92.0,94.0,96.0,98.0,100.0
2.0,4.0,6.0,8.0,10.0,12.0,14.0,16.0,18.0,20.0,22.0,24.0,26.0,28.0,30.0,32.0,34.0,36.0,38.0,40.0,42.0,44.0,46.0,48.0,50.0,52.0,54.0,56.0,58.0,60.0,62.0,64.0,66.0,68.0,70.0,72.0,74.0,76.0,78.0,80.0,82.0,84.0,86.0,88.0,90.0,92.0,94.0,96.0,98.0,100.0
2.0,4.0,6.0,8.0,10.0,12.0,14.0,16.0,18.0,20.0,22.0,24.0,26.0,28.0,30.0,32.0,34.0,36.0,38.0,40.0,42.0,44.0,46.0,48.0,50.0,52.0,54.0,56.0,58.0,60.0,62.0,64.0,66.0,68.0,70.0,72.0,74.0,76.0,78.0,80.0,82.0,84.0,86.0,88.0,90.0,92.0,94.0,96.0,98.0,100.0
2.0,4.0,6.0,8.0,10.0,12.0,14.0,16.0,18.0,20.0,22.0,24.0,26.0,28.0,30.0,32.0,34.0,36.0,38.0,40.0,42.0,44.0,46.0,48.0,50.0,52.0,54.0,56.0,58.0,60.0,62.0,64.0,66.0,68.0,70.0,72.0,74.0,76.0,78.0,80.0,82.0,84.0,86.0,88.0,90.0,92.0,94.0,96.0,98.0,100.0
2.0,4.0,6.0,8.0,10.0,12.0,14.0,16.0,18.0,20.0,22.0,24.0,26.0,28.0,30.0,32.0,34.0,36.0,38.0,40.0,42.0,44.0,46.0,48.0,50.0,52.0,54.0,56.0,58.0,60.0,62.0,64.0,66.0,68.0,70.0,72.0,74.0,76.0,78.0,80.0,82.0,84.0,86.0,88.0,90.0,92.0,94.0,96.0,98.0,100.0
2.0,4.0,6.0,8.0,10.0,12.0,14.0,16.0,18.0,20.0,22.0,24.0,26.0,28.0,30.0,32.0,34.0,36.0,38.0,40.0,42.0,44.0,46.0,48.0,50.0,52.0,54.0,56.0,58.0,60.0,62.0,64.0,66.0,68.0,70.0,72.0,74.0,76.0,78.0,80.0,82.0,84.0,86.0,88.0,90.0,92.0,94.0,96.0,98.0,100.0
2.0,4.0,6.0,8.0,10.0,12.0,14.0,16.0,18.0,20.0,22.0,24.0,26.0,28.0,30.0,32.0,34.0,36.0,38.0,40.0,42.0,44.0,46.0,48.0,50.0,52.0,54.0,56.0,58.0,60.0,62.0,64.0,66.0,68.0,70.0,72.0,74.0,76.0,78.0,80.0,82.0,84.0,86.0,88.0,90.0,92.0,94.0,96.0,98.0,100.0
2.0,4.0,6.0,8.0,10.0,12.0,14.0,16.0,18.0,20.0,22.0,24.0,26.0,28.0,30.0,32.0,34.0,36.0,38.0,40.0,42.0,44.0,46.0,48.0,50.0,52.0,54.0,56.0,58.0,60.0,62.0,64.0,66.0,68.0,70.0,72.0,74.0,76.0,78.0,80.0,82.0,84.0,86.0,88.0,90.0,92.0,94.0,96.0,98.0,100.0
2.0,4.0,6.0,8.0,10.0,12.0,14.0,16.0,18.0,20.0,22.0,24.0,26.0,28.0,30.0,32.0,34.0,36.0,38.0,40.0,42.0,44.0,46.0,48.0,50.0,52.0,54.0,56.0,58.0,60.0,62.0,64.0,66.0,68.0,70.0,72.0,74.0,76.0,78.0,80.0,82.0,84.0,86.0,88.0,90.0,92.0,94.0,96.0,98.0,100.0
2.0,4.0,6.0,8.0,10.0,12.0,14.0,16.0,18.0,20.0,22.0,24.0,26.0,28.0,30.0,32.0,34.0,36.0,38.0,40.0,42.0,44.0,46.0,48.0,50.0,52.0,54.0,56.0,58.0,60.0,62.0,64.0,66.0,68.0,70.0,72.0,74.0,76.0,78.0,80.0,82.0,84.0,86.0,88.0,90.0,92.0,94.0,96.0,98.0,100.0
2.0,4.0,6.0,8.0,10.0,12.0,14.0,16.0,18.0,20.0,22.0,24.0,26.0,28.0,30.0,32.0,34.0,36.0,38.0,40.0,42.0,44.0,46.0,48.0,50.0,52.0,54.0,56.0,58.0,60.0,62.0,64.0,66.0,68.0,70.0,72.0,74.0,76.0,78.0,80.0,82.0,84.0,86.0,88.0,90.0,92.0,94.0,96.0,98.0,100.0
2.0,4.0,6.0,8.0,10.0,12.0,14.0,16.0,18.0,20.0,22.0,24.0,26.0,28.0,30.0,32.0,34.0,36.0,38.0,40.0,42.0,44.0,46.0,48.0,50.0,52.0,54.0,56.0,58.0,60.0,62.0,64.0,66.0,68.0,70.0,72.0,74.0,76.0,78.0,80.0,82.0,84.0,86.0,88.0,90.0,92.0,94.0,96.0,98.0,100.0
2.0,4.0,6.0,8.0,10.0,12.0,14.0,16.0,18.0,20.0,22.0,24.0,26.0,28.0,30.0,32.0,34.0,36.0,38.0,40.0,42.0,44.0,46.0,48.0,50.0,52.0,54.0,56.0,58.0,60.0,62.0,64.0,66.0,68.0,70.0,72.0,74.0,76.0,78.0,80.0,82.0,84.0,86.0,88.0,90.0,92.0,94.0,96.0,98.0,100.0
2.0,4.0,6.0,8.0,10.0,12.0,14.0,16.0,18.0,20.0,22.0,24.0,26.0,28.0,30.0,32.0,34.0,36.0,38.0,40.0,42.0,44.0,46.0,48.0,50.0,52.0,54.0,56.0,58.0,60.0,62.0,64.0,66.0,68.0,70.0,72.0,74.0,76.0,78.0,80.0,82.0,84.0,86.0,88.0,90.0,92.0,94.0,96.0,98.0,100.0
2.0,4.0,6.0,8.0,10.0,12.0,14.0,16.0,18.0,20.0,22.0,24.0,26.0,28.0,30.0,32.0,34.0,36.0,38.0,40.0,42.0,44.0,46.0,48.0,50.0,52.0,54.0,56.0,58.0,60.0,62.0,64.0,66.0,68.0,70.0,72.0,74.0,76.0,78.0,80.0,82.0,84.0,86.0,88.0,90.0,92.0,94.0,96.0,98.0,100.0
2.0,4.0,6.0,8.0,10.0,12.0,14.0,16.0,18.0,20.0,22.0,24.0,26.0,28.0,30.0,32.0,34.0,36.0,38.0,40.0,42.0,44.0,46.0,48.0,50.0,52.0,54.0,56.0,58.0,60.0,62.0,64.0,66.0,68.0,70.0,72.0,74.0,76.0,78.0,80.0,82.0,84.0,86.0,88.0,90.0,92.0,94.0,96.0,98.0,100.0
2.0,4.0,6.0,8.0,10.0,12.0,14.0,16.0,18.0,20.0,22.0,24.0,26.0,28.0,30.0,32.0,34.0,36.0,38.0,40.0,42.0,44.0,46.0,48.0,50.0,52.0,54.0,56.0,58.0,60.0,62.0,64.0,66.0,68.0,70.0,72.0,74.0,76.0,78.0,80.0,82.0,84.0,86.0,88.0,90.0,92.0,94.0,96.0,98.0,100.0
2.0,4.0,6.0,8.0,10.0,12.0,14.0,16.0,18.0,20.0,22.0,24.0,26.0,28.0,30.0,32.0,34.0,36.0,38.0,40.0,42.0,44.0,46.0,48.0,50.0,52.0,54.0,56.0,58.0,60.0,62.0,64.0,66.0,68.0,70.0,72.0,74.0,76.0,78.0,80.0,82.0,84.0,86.0,88.0,90.0,92.0,94.0,96.0,98.0,100.0
2.0,4.0,6.0,8.0,10.0,12.0,14.0,16.0,18.0,20.0,22.0,24.0,26.0,28.0,30.0,32.0,34.0,36.0,38.0,40.0,42.0,44.0,46.0,48.0,50.0,52.0,54.0,56.0,58.0,60.0,62.0,64.0,66.0,68.0,70.0,72.0,74.0,76.0,78.0,80.0,82.0,84.0,86.0,88.0,90.0,92.0,94.0,96.0,98.0,100.0
2.0,4.0,6.0,8.0,10.0,12.0,14.0,16.0,18.0,20.0,22.0,24.0,26.0,28.0,30.0,32.0,34.0,36.0,38.0,40.0,42.0,44.0,46.0,48.0,50.0,52.0,54.0,56.0,58.0,60.0,62.0,64.0,66.0,68.0,70.0,72.0,74.0,76.0,78.0,80.0,82.0,84.0,86.0,88.0,90.0,92.0,94.0,96.0,98.0,100.0
2.0,4.0,6.0,8.0,10.0,12.0,14.0,16.0,18.0,20.0,22.0,24.0,26.0,28.0,30.0,32.0,34.0,36.0,38.0,40.0,42.0,44.0,46.0,48.0,50.0,52.0,54.0,56.0,58.0,60.0,62.0,64.0,66.0,68.0,70.0,72.0,74.0,76.0,78.0,80.0,82.0,84.0,86.0,88.0,90.0,92.0,94.0,96.0,98.0,100.0
2.0,4.0,6.0,8.0,10.0,12.0,14.0,16.0,18.0,20.0,22.0,24.0,26.0,28.0,30.0,32.0,34.0,36.0,38.0,40.0,42.0,44.0,46.0,48.0,50.0,52.0,54.0,56.0,58.0,60.0,62.0,64.0,66.0,68.0,70.0,72.0,74.0,76.0,78.0,80.0,82.0,84.0,86.0,88.0,90.0,92.0,94.0,96.0,98.0,100.0
2.0,4.0,6.0,8.0,10.0,12.0,14.0,16.0,18.0,20.0,22.0,24.0,26.0,28.0,30.0,32.0,34.0,36.0,38.0,40.0,42.0,44.0,46.0,48.0,50.0,52.0,54.0,56.0,58.0,60.0,62.0,64.0,66.0,68.0,70.0,72.0,74.0,76.0,78.0,80.0,82.0,84.0,86.0,88.0,90.0,92.0,94.0,96.0,98.0,100.0
2.0,4.0,6.0,8.0,10.0,12.0,14.0,16.0,18.0,20.0,22.0,24.0,26.0,28.0,30.0,32.0,34.0,36.0,38.0,40.0,42.0,44.0,46.0,48.0,50.0,52.0,54.0,56.0,58.0,60.0,62.0,64.0,66.0,68.0,70.0,72.0,74.0,76.0,78.0,80.0,82.0,84.0,86.0,88.0,90.0,92.0,94.0,96.0,98.0,100.0
2.0,4.0,6.0,8.0,10.0,12.0,14.0,16.0,18.0,20.0,22.0,24.0,26.0,28.0,30.0,32.0,34.0,36.0,38.0,40.0,42.0,44.0,46.0,48.0,50.0,52.0,54.0,56.0,58.0,60.0,62.0,64.0,66.0,68.0,70.0,72.0,74.0,76.0,78.0,80.0,82.0,84.0,86.0,88.0,90.0,92.0,94.0,96.0,98.0,100.0
2.0,4.0,6.0,8.0,10.0,12.0,14.0,16.0,18.0,20.0,22.0,24.0,26.0,28.0,30.0,32.0,34.0,36.0,38.0,40.0,42.0,44.0,46.0,48.0,50.0,52.0,54.0,56.0,58.0,60.0,62.0,64.0,66.0,68.0,70.0,72.0,74.0,76.0,78.0,80.0,82.0,84.0,86.0,88.0,90.0,92.0,94.0,96.0,98.0,100.0
starting cell matrix
"1",Point(5.07631061673111,4.2834623152398885),1.041123870310668,0,0,"Alive",0
"2",Point(4.869788855996726,8.763179459006562),0.9409226374284003,0,0,"Alive",0
"3",Point(6.877244281795624,8.424199088309436),0.9862260115181811,0,0,"Alive",0
"4",Point(1.3194263451431718,7.561352637725421),1.1627308994510674,0,0,"Alive",0
"5",Point(7.279271656071059,1.081450741781835),0.9728797368125185,0,0,"Alive",0
"6",Point(3.2637819021298116,1.1954773578004239),0.9655750568961023,0,0,"Alive",0
"7",Point(1.2193959854728844,2.934787202140746),0.9885625472641955,0,0,"Alive",0
"8",Point(6.046637672050367,6.055472660664215),0.9654718786046609,0,0,"Alive",0
"9",Point(8.470592833151615,5.2506703643039945),1.0483567557305784,0,0,"Alive",0
"10",Point(5.07386955204059,1.9371070567732962),0.9051546195606803,0,0,"Alive",0
subsequent cell matrices
"1",Point(5.07631061673111,4.2834623152398885),1.041123870310668,0,0,"Alive",0
"2",Point(4.869788855996726,8.763179459006562),0.9409226374284003,0,0,"Alive",0
"3",Point(7.244917952555189,8.424561581565722),0.9862260115181811,0.000985909973068071,0,"Alive",0
"4",Point(1.3194263451431718,7.561352637725421),1.1627308994510674,0,0,"Alive",0
"5",Point(7.279271656071059,1.081450741781835),0.9728797368125185,0,0,"Alive",0
"6",Point(3.2637819021298116,1.1954773578004239),0.9655750568961023,0,0,"Alive",0
"7",Point(1.2193959854728844,2.934787202140746),0.9885625472641955,0,0,"Alive",0
"8",Point(6.046637672050367,6.055472660664215),0.9654718786046609,0,0,"Alive",0
"9",Point(8.470592833151615,5.2506703643039945),1.0483567557305784,0,0,"Alive",0
"10",Point(5.07386955204059,1.9371070567732962),0.9051546195606803,0,0,"Alive",0
"1",Point(5.07631061673111,4.2834623152398885),1.041123870310668,0,0,"Alive",0
"2",Point(4.869788855996726,8.763179459006562),0.9409226374284003,0,0,"Alive",0
"3",Point(7.244917952555189,8.424561581565722),0.9862260115181811,0.000985909973068071,0,"Alive",0
"4",Point(1.3194263451431718,7.561352637725421),1.1627308994510674,0,0,"Alive",0
"5",Point(7.279271656071059,1.081450741781835),0.9728797368125185,0,0,"Alive",0
"6",Point(3.2637819021298116,1.1954773578004239),0.9655750568961023,0,0,"Alive",0
"7",Point(1.2193959854728844,2.934787202140746),0.9885625472641955,0,0,"Alive",0
"8",Point(6.046637672050367,6.055472660664215),0.9654718786046609,0,0,"Alive",0
"9",Point(8.470592833151615,5.2506703643039945),1.0483567557305784,0,0,"Alive",0
"10",Point(5.339541901754775,1.92564432131278),0.9051546195606803,-0.043119392888924565,0,"Alive",0
"1",Point(5.07631061673111,4.2834623152398885),1.041123870310668,0,0,"Alive",0
"2",Point(4.869788855996726,8.763179459006562),0.9409226374284003,0,0,"Alive",0
"3",Point(7.244917952555189,8.424561581565722),0.9862260115181811,0.000985909973068071,0,"Alive",0
"4",Point(1.3194263451431718,7.561352637725421),1.1627308994510674,0,0,"Alive",0
"5",Point(7.279271656071059,1.081450741781835),0.9728797368125185,0,0,"Alive",0
"6",Point(3.2637819021298116,1.1954773578004239),0.9655750568961023,0,0,"Alive",0
"7",Point(1.6211218971852084,2.935887274326224),0.9885625472641955,0.0027383581783875757,0,"Alive",0
"8",Point(6.046637672050367,6.055472660664215),0.9654718786046609,0,0,"Alive",0
"9",Point(8.470592833151615,5.2506703643039945),1.0483567557305784,0,0,"Alive",0
"10",Point(5.339541901754775,1.92564432131278),0.9051546195606803,-0.043119392888924565,0,"Alive",0
"1",Point(5.07631061673111,4.2834623152398885),1.041123870310668,0,0,"Alive",0
"2",Point(4.869788855996726,8.763179459006562),0.9409226374284003,0,0,"Alive",0
"3",Point(7.244917952555189,8.424561581565722),0.9862260115181811,0.000985909973068071,0,"Alive",0
"4",Point(1.3194263451431718,7.561352637725421),1.1627308994510674,0,0,"Alive",0
"5",Point(7.279271656071059,1.081450741781835),0.9728797368125185,0,0,"Alive",0
"6",Point(3.2637819021298116,1.1954773578004239),0.9655750568961023,0,0,"Alive",0
"7",Point(1.6211218971852084,2.935887274326224),0.9885625472641955,0.0027383581783875757,0,"Alive",0
"8",Point(6.046637672050367,6.055472660664215),0.9654718786046609,0,0,"Alive",0
"9",Point(8.7407385579248,5.321581133574375),1.0483567557305784,-0.10212236176621113,0,"Alive",0
"10",Point(5.339541901754775,1.92564432131278),0.9051546195606803,-0.043119392888924565,0,"Alive",0
"1",Point(5.07631061673111,4.2834623152398885),1.041123870310668,0,0,"Alive",0
"2",Point(4.869788855996726,8.763179459006562),0.9409226374284003,0,0,"Alive",0
"3",Point(7.244917952555189,8.424561581565722),0.9862260115181811,0.000985909973068071,0,"Alive",0
"4",Point(1.3194263451431718,7.561352637725421),1.1627308994510674,0,0,"Alive",0
"5",Point(7.985009648650339,1.0517240436748208),0.9728797368125185,-0.042096552245497,0,"Alive",0
"6",Point(3.2637819021298116,1.1954773578004239),0.9655750568961023,0,0,"Alive",0
"7",Point(1.6211218971852084,2.935887274326224),0.9885625472641955,0.0027383581783875757,0,"Alive",0
"8",Point(6.046637672050367,6.055472660664215),0.9654718786046609,0,0,"Alive",0
"9",Point(8.7407385579248,5.321581133574375),1.0483567557305784,-0.10212236176621113,0,"Alive",0
"10",Point(5.339541901754775,1.92564432131278),0.9051546195606803,-0.043119392888924565,0,"Alive",0
"1",Point(5.07631061673111,4.2834623152398885),1.041123870310668,0,0,"Alive",0
"2",Point(4.869788855996726,8.763179459006562),0.9409226374284003,0,0,"Alive",0
"3",Point(7.244917952555189,8.424561581565722),0.9862260115181811,0.000985909973068071,0,"Alive",0
"4",Point(1.3194263451431718,7.561352637725421),1.1627308994510674,0,0,"Alive",0
"5",Point(7.985009648650339,1.0517240436748208),0.9728797368125185,-0.042096552245497,0,"Alive",0
"6",Point(3.2637819021298116,1.1954773578004239),0.9655750568961023,0,0,"Alive",0
"7",Point(1.9275442895253678,2.9472142390491296),0.9885625472641955,0.03694837609376493,0,"Alive",0
"8",Point(6.046637672050367,6.055472660664215),0.9654718786046609,0,0,"Alive",0
"9",Point(8.7407385579248,5.321581133574375),1.0483567557305784,-0.10212236176621113,0,"Alive",0
"10",Point(5.339541901754775,1.92564432131278),0.9051546195606803,-0.043119392888924565,0,"Alive",0
"1",Point(5.07631061673111,4.2834623152398885),1.041123870310668,0.0,0.0,"Alive",0
"2",Point(4.869788855996726,8.763179459006562),0.9409226374284003,0,0,"Alive",0
"3",Point(7.244917952555189,8.424561581565722),0.9862260115181811,0.000985909973068071,0,"Alive",0
"4",Point(1.3194263451431718,7.561352637725421),1.1627308994510674,0,0,"Alive",0
"5",Point(7.985009648650339,1.0517240436748208),0.9728797368125185,-0.042096552245497,0,"Alive",0
"6",Point(3.2637819021298116,1.1954773578004239),0.9655750568961023,0,0,"Alive",0
"7",Point(1.9275442895253678,2.9472142390491296),0.9885625472641955,0.03694837609376493,0,"Alive",0
"8",Point(6.046637672050367,6.055472660664215),0.9654718786046609,0,0,"Alive",0
"9",Point(8.7407385579248,5.321581133574375),1.0483567557305784,-0.10212236176621113,0,"Alive",0
"10",Point(5.339541901754775,1.92564432131278),0.9051546195606803,-0.043119392888924565,0,"Alive",0
"1",Point(5.07631061673111,4.2834623152398885),1.041123870310668,0.0,0.0,"Alive",0
"2",Point(4.869788855996726,8.763179459006562),0.9409226374284003,0.0,0.0,"Alive",0
"3",Point(7.244917952555189,8.424561581565722),0.9862260115181811,0.000985909973068071,0,"Alive",0
"4",Point(1.3194263451431718,7.561352637725421),1.1627308994510674,0,0,"Alive",0
"5",Point(7.985009648650339,1.0517240436748208),0.9728797368125185,-0.042096552245497,0,"Alive",0
"6",Point(3.2637819021298116,1.1954773578004239),0.9655750568961023,0,0,"Alive",0
"7",Point(1.9275442895253678,2.9472142390491296),0.9885625472641955,0.03694837609376493,0,"Alive",0
"8",Point(6.046637672050367,6.055472660664215),0.9654718786046609,0,0,"Alive",0
"9",Point(8.7407385579248,5.321581133574375),1.0483567557305784,-0.10212236176621113,0,"Alive",0
"10",Point(5.339541901754775,1.92564432131278),0.9051546195606803,-0.043119392888924565,0,"Alive",0
"1",Point(5.07631061673111,4.2834623152398885),1.041123870310668,0.0,0.0,"Alive",0
"2",Point(4.869788855996726,8.763179459006562),0.9409226374284003,0.0,0.0,"Alive",0
"3",Point(8.10448167247046,8.479671329432938),0.9862260115181811,0.06402599562001784,0,"Alive",0
"4",Point(1.3194263451431718,7.561352637725421),1.1627308994510674,0,0,"Alive",0
"5",Point(7.985009648650339,1.0517240436748208),0.9728797368125185,-0.042096552245497,0,"Alive",0
"6",Point(3.2637819021298116,1.1954773578004239),0.9655750568961023,0,0,"Alive",0
"7",Point(1.9275442895253678,2.9472142390491296),0.9885625472641955,0.03694837609376493,0,"Alive",0
"8",Point(6.046637672050367,6.055472660664215),0.9654718786046609,0,0,"Alive",0
"9",Point(8.7407385579248,5.321581133574375),1.0483567557305784,-0.10212236176621113,0,"Alive",0
"10",Point(5.339541901754775,1.92564432131278),0.9051546195606803,-0.043119392888924565,0,"Alive",0
"1",Point(5.07631061673111,4.2834623152398885),1.041123870310668,0.0,0.0,"Alive",0
"2",Point(4.869788855996726,8.763179459006562),0.9409226374284003,0.0,0.0,"Alive",0
"3",Point(8.10448167247046,8.479671329432938),0.9862260115181811,0.06402599562001784,0,"Alive",0
"4",Point(1.3194263451431718,7.561352637725421),1.1627308994510674,0,0,"Alive",0
"5",Point(7.985009648650339,1.0517240436748208),0.9728797368125185,-0.042096552245497,0,"Alive",0
"6",Point(3.2637819021298116,1.1954773578004239),0.9655750568961023,0.0,0.0,"Alive",0
"7",Point(1.9275442895253678,2.9472142390491296),0.9885625472641955,0.03694837609376493,0,"Alive",0
"8",Point(6.046637672050367,6.055472660664215),0.9654718786046609,0,0,"Alive",0
"9",Point(8.7407385579248,5.321581133574375),1.0483567557305784,-0.10212236176621113,0,"Alive",0
"10",Point(5.339541901754775,1.92564432131278),0.9051546195606803,-0.043119392888924565,0,"Alive",0
"1",Point(5.07631061673111,4.2834623152398885),1.041123870310668,0.0,0.0,"Alive",0
"2",Point(4.869788855996726,8.763179459006562),0.9409226374284003,0.0,0.0,"Alive",0
"3",Point(8.10448167247046,8.479671329432938),0.9862260115181811,0.06402599562001784,0,"Alive",0
"4",Point(1.3194263451431718,7.561352637725421),1.1627308994510674,0,0,"Alive",0
"5",Point(7.985009648650339,1.0517240436748208),0.9728797368125185,-0.042096552245497,0,"Alive",0
"6",Point(3.2637819021298116,1.1954773578004239),0.9655750568961023,0.0,0.0,"Alive",0
"7",Point(1.9275442895253678,2.9472142390491296),0.9885625472641955,0.03694837609376493,0,"Alive",0
"8",Point(6.046637672050367,6.055472660664215),0.9654718786046609,0,0,"Alive",0
"9",Point(8.481521863987751,5.35892939857904),1.0483567557305784,-0.05478628785252272,0,"Alive",0
"10",Point(5.339541901754775,1.92564432131278),0.9051546195606803,-0.043119392888924565,0,"Alive",0
"1",Point(5.07631061673111,4.2834623152398885),1.041123870310668,0.0,0.0,"Alive",0
"2",Point(4.869788855996726,8.763179459006562),0.9409226374284003,0.0,0.0,"Alive",0
"3",Point(8.10448167247046,8.479671329432938),0.9862260115181811,0.06402599562001784,0,"Alive",0
"4",Point(1.3194263451431718,7.561352637725421),1.1627308994510674,0,0,"Alive",0
"5",Point(7.985009648650339,1.0517240436748208),0.9728797368125185,-0.042096552245497,0,"Alive",0
"6",Point(3.2637819021298116,1.1954773578004239),0.9655750568961023,0.0,0.0,"Alive",0
"7",Point(1.9275442895253678,2.9472142390491296),0.9885625472641955,0.03694837609376493,0,"Alive",0
"8",Point(6.046637672050367,6.055472660664215),0.9654718786046609,0,0,"Alive",0
"9",Point(8.481521863987751,5.35892939857904),1.0483567557305784,-0.05478628785252272,0,"Alive",0
"10",Point(5.339541901754775,1.92564432131278),0.9051546195606803,-0.043119392888924565,0,"Alive",0
"1",Point(5.07631061673111,4.2834623152398885),1.041123870310668,0.0,0.0,"Alive",0
"2",Point(4.869788855996726,8.763179459006562),0.9409226374284003,0.0,0.0,"Alive",0
"3",Point(8.683710103625632,8.51999783187971),0.9862260115181811,0.06950890819143207,0,"Alive",0
"4",Point(1.3194263451431718,7.561352637725421),1.1627308994510674,0,0,"Alive",0
"5",Point(7.985009648650339,1.0517240436748208),0.9728797368125185,-0.042096552245497,0,"Alive",0
"6",Point(3.2637819021298116,1.1954773578004239),0.9655750568961023,0.0,0.0,"Alive",0
"7",Point(1.9275442895253678,2.9472142390491296),0.9885625472641955,0.03694837609376493,0,"Alive",0
"8",Point(6.046637672050367,6.055472660664215),0.9654718786046609,0,0,"Alive",0
"9",Point(8.481521863987751,5.35892939857904),1.0483567557305784,-0.05478628785252272,0,"Alive",0
"10",Point(5.339541901754775,1.92564432131278),0.9051546195606803,-0.043119392888924565,0,"Alive",0
"1",Point(5.07631061673111,4.2834623152398885),1.041123870310668,0.0,0.0,"Alive",0
"2",Point(4.869788855996726,8.763179459006562),0.9409226374284003,0.0,0.0,"Alive",0
"3",Point(8.683710103625632,8.51999783187971),0.9862260115181811,0.06950890819143207,0,"Alive",0
"4",Point(1.792881765085889,7.602775428446855),1.1627308994510674,0.08726815789711352,0,"Alive",0
"5",Point(7.985009648650339,1.0517240436748208),0.9728797368125185,-0.042096552245497,0,"Alive",0
"6",Point(3.2637819021298116,1.1954773578004239),0.9655750568961023,0.0,0.0,"Alive",0
"7",Point(1.9275442895253678,2.9472142390491296),0.9885625472641955,0.03694837609376493,0,"Alive",0
"8",Point(6.046637672050367,6.055472660664215),0.9654718786046609,0,0,"Alive",0
"9",Point(8.481521863987751,5.35892939857904),1.0483567557305784,-0.05478628785252272,0,"Alive",0
"10",Point(5.339541901754775,1.92564432131278),0.9051546195606803,-0.043119392888924565,0,"Alive",0
"1",Point(5.07631061673111,4.2834623152398885),1.041123870310668,0.0,0.0,"Alive",0
"2",Point(4.869788855996726,8.763179459006562),0.9409226374284003,0.0,0.0,"Alive",0
"3",Point(8.683710103625632,8.51999783187971),0.9862260115181811,0.06950890819143207,0,"Alive",0
"4",Point(1.792881765085889,7.602775428446855),1.1627308994510674,0.08726815789711352,0,"Alive",0
"5",Point(7.985009648650339,1.0517240436748208),0.9728797368125185,-0.042096552245497,0,"Alive",0
"6",Point(3.2637819021298116,1.1954773578004239),0.9655750568961023,0.0,0.0,"Alive",0
"7",Point(1.9275442895253678,2.9472142390491296),0.9885625472641955,0.03694837609376493,0,"Alive",0
"8",Point(6.046637672050367,6.055472660664215),0.9654718786046609,0.0,0.0,"Alive",0
"9",Point(8.481521863987751,5.35892939857904),1.0483567557305784,-0.05478628785252272,0,"Alive",0
"10",Point(5.339541901754775,1.92564432131278),0.9051546195606803,-0.043119392888924565,0,"Alive",0
"1",Point(5.07631061673111,4.2834623152398885),1.041123870310668,0.0,0.0,"Alive",0
"2",Point(4.869788855996726,8.763179459006562),0.9409226374284003,0.0,0.0,"Alive",0
"3",Point(8.683710103625632,8.51999783187971),0.9862260115181811,0.06950890819143207,0,"Alive",0
"4",Point(1.792881765085889,7.602775428446855),1.1627308994510674,0.08726815789711352,0,"Alive",0
"5",Point(7.985009648650339,1.0517240436748208),0.9728797368125185,-0.042096552245497,0,"Alive",0
"6",Point(3.2637819021298116,1.1954773578004239),0.9655750568961023,0.0,0.0,"Alive",0
"7",Point(1.9275442895253678,2.9472142390491296),0.9885625472641955,0.03694837609376493,0,"Alive",0
"8",Point(6.046637672050367,6.055472660664215),0.9654718786046609,0.0,0.0,"Alive",0
"9",Point(8.747953162072058,5.368269594544918),1.0483567557305784,0.035042326395346275,0,"Alive",0
"10",Point(5.339541901754775,1.92564432131278),0.9051546195606803,-0.043119392888924565,0,"Alive",0
"1",Point(5.07631061673111,4.2834623152398885),1.041123870310668,0.0,0.0,"Alive",0
"2",Point(4.869788855996726,8.763179459006562),0.9409226374284003,0.0,0.0,"Alive",0
"3",Point(8.683710103625632,8.51999783187971),0.9862260115181811,0.06950890819143207,0,"Alive",0
"4",Point(1.792881765085889,7.602775428446855),1.1627308994510674,0.08726815789711352,0,"Alive",0
"5",Point(7.985009648650339,1.0517240436748208),0.9728797368125185,-0.042096552245497,0,"Alive",0
"6",Point(3.2637819021298116,1.1954773578004239),0.9655750568961023,0.0,0.0,"Alive",0
"7",Point(1.9275442895253678,2.9472142390491296),0.9885625472641955,0.03694837609376493,0,"Alive",0
"8",Point(6.046637672050367,6.055472660664215),0.9654718786046609,0.0,0.0,"Alive",0
"9",Point(8.747953162072058,5.368269594544918),1.0483567557305784,0.035042326395346275,0,"Alive",0
"10",Point(5.985033051534385,1.9599980271600048),0.9051546195606803,0.05317086918230222,0,"Alive",0
"1",Point(5.07631061673111,4.2834623152398885),1.041123870310668,0.0,0.0,"Alive",0
"2",Point(4.869788855996726,8.763179459006562),0.9409226374284003,0.0,0.0,"Alive",0
"3",Point(8.683710103625632,8.51999783187971),0.9862260115181811,0.06950890819143207,0,"Alive",0
"4",Point(1.792881765085889,7.602775428446855),1.1627308994510674,0.08726815789711352,0,"Alive",0
"5",Point(7.985009648650339,1.0517240436748208),0.9728797368125185,-0.042096552245497,0,"Alive",0
"6",Point(3.2637819021298116,1.1954773578004239),0.9655750568961023,0.0,0.0,"Alive",0
"7",Point(1.9275442895253678,2.9472142390491296),0.9885625472641955,0.03694837609376493,0,"Alive",0
"8",Point(6.046637672050367,6.055472660664215),0.9654718786046609,0.0,0.0,"Alive",0
"9",Point(8.747953162072058,5.368269594544918),1.0483567557305784,0.035042326395346275,0,"Alive",0
"10",Point(6.108400624760252,1.9615638885189581),0.9051546195606803,0.012691967894273614,0,"Alive",0
"1",Point(5.07631061673111,4.2834623152398885),1.041123870310668,0.0,0.0,"Alive",0
"2",Point(4.869788855996726,8.763179459006562),0.9409226374284003,0.0,0.0,"Alive",0
"3",Point(8.683710103625632,8.51999783187971),0.9862260115181811,0.06950890819143207,0,"Alive",0
"4",Point(1.792881765085889,7.602775428446855),1.1627308994510674,0.08726815789711352,0,"Alive",0
"5",Point(8.709189642870058,1.1613663889490926),0.9728797368125185,0.15026087575793173,0,"Alive",0
"6",Point(3.2637819021298116,1.1954773578004239),0.9655750568961023,0.0,0.0,"Alive",0
"7",Point(1.9275442895253678,2.9472142390491296),0.9885625472641955,0.03694837609376493,0,"Alive",0
"8",Point(6.046637672050367,6.055472660664215),0.9654718786046609,0.0,0.0,"Alive",0
"9",Point(8.747953162072058,5.368269594544918),1.0483567557305784,0.035042326395346275,0,"Alive",0
"10",Point(6.108400624760252,1.9615638885189581),0.9051546195606803,0.012691967894273614,0,"Alive",0
"1",Point(5.07631061673111,4.2834623152398885),1.041123870310668,0.0,0.0,"Alive",0
"2",Point(4.869788855996726,8.763179459006562),0.9409226374284003,0.0,0.0,"Alive",0
"3",Point(8.683710103625632,8.51999783187971),0.9862260115181811,0.06950890819143207,0,"Alive",0
"4",Point(1.792881765085889,7.602775428446855),1.1627308994510674,0.08726815789711352,0,"Alive",0
"5",Point(8.709189642870058,1.1613663889490926),0.9728797368125185,0.15026087575793173,0,"Alive",0
"6",Point(3.2637819021298116,1.1954773578004239),0.9655750568961023,0.0,0.0,"Alive",0
"7",Point(1.9275442895253678,2.9472142390491296),0.9885625472641955,0.03694837609376493,0,"Alive",0
"8",Point(6.046637672050367,6.055472660664215),0.9654718786046609,0.0,0.0,"Alive",0
"9",Point(8.747953162072058,5.368269594544918),1.0483567557305784,0.035042326395346275,0,"Alive",0
"10",Point(6.108400624760252,1.9615638885189581),0.9051546195606803,0.012691967894273614,0,"Alive",0
