time,diffusion rate
27 Jan 2015 05:22:08 PM,1.0
Number of cells,Speed of cells,Average cell radius,Number of timesteps,Width of environment,Height of environment,Probability of cell division,Probability of cell death
10.0,1.0,1.0,20.0,10.0,10.0,0.5,0.0
starting concentration map
2.0,4.0,6.0,8.0,10.0,12.0,14.0,16.0,18.0,20.0,22.0,24.0,26.0,28.0,30.0,32.0,34.0,36.0,38.0,40.0,42.0,44.0,46.0,48.0,50.0,52.0,54.0,56.0,58.0,60.0,62.0,64.0,66.0,68.0,70.0,72.0,74.0,76.0,78.0,80.0,82.0,84.0,86.0,88.0,90.0,92.0,94.0,96.0,98.0,100.0
2.0,4.0,6.0,8.0,10.0,12.0,14.0,16.0,18.0,20.0,22.0,24.0,26.0,28.0,30.0,32.0,34.0,36.0,38.0,40.0,42.0,44.0,46.0,48.0,50.0,52.0,54.0,56.0,58.0,60.0,62.0,64.0,66.0,68.0,70.0,72.0,74.0,76.0,78.0,80.0,82.0,84.0,86.0,88.0,90.0,92.0,94.0,96.0,98.0,100.0
2.0,4.0,6.0,8.0,10.0,12.0,14.0,16.0,18.0,20.0,22.0,24.0,26.0,28.0,30.0,32.0,34.0,36.0,38.0,40.0,42.0,44.0,46.0,48.0,50.0,52.0,54.0,56.0,58.0,60.0,62.0,64.0,66.0,68.0,70.0,72.0,74.0,76.0,78.0,80.0,82.0,84.0,86.0,88.0,90.0,92.0,94.0,96.0,98.0,100.0
2.0,4.0,6.0,8.0,10.0,12.0,14.0,16.0,18.0,20.0,22.0,24.0,26.0,28.0,30.0,32.0,34.0,36.0,38.0,40.0,42.0,44.0,46.0,48.0,50.0,52.0,54.0,56.0,58.0,60.0,62.0,64.0,66.0,68.0,70.0,72.0,74.0,76.0,78.0,80.0,82.0,84.0,86.0,88.0,90.0,92.0,94.0,96.0,98.0,100.0
2.0,4.0,6.0,8.0,10.0,12.0,14.0,16.0,18.0,20.0,22.0,24.0,26.0,28.0,30.0,32.0,34.0,36.0,38.0,40.0,42.0,44.0,46.0,48.0,50.0,52.0,54.0,56.0,58.0,60.0,62.0,64.0,66.0,68.0,70.0,72.0,74.0,76.0,78.0,80.0,82.0,84.0,86.0,88.0,90.0,92.0,94.0,96.0,98.0,100.0
2.0,4.0,6.0,8.0,10.0,12.0,14.0,16.0,18.0,20.0,22.0,24.0,26.0,28.0,30.0,32.0,34.0,36.0,38.0,40.0,42.0,44.0,46.0,48.0,50.0,52.0,54.0,56.0,58.0,60.0,62.0,64.0,66.0,68.0,70.0,72.0,74.0,76.0,78.0,80.0,82.0,84.0,86.0,88.0,90.0,92.0,94.0,96.0,98.0,100.0
2.0,4.0,6.0,8.0,10.0,12.0,14.0,16.0,18.0,20.0,22.0,24.0,26.0,28.0,30.0,32.0,34.0,36.0,38.0,40.0,42.0,44.0,46.0,48.0,50.0,52.0,54.0,56.0,58.0,60.0,62.0,64.0,66.0,68.0,70.0,72.0,74.0,76.0,78.0,80.0,82.0,84.0,86.0,88.0,90.0,92.0,94.0,96.0,98.0,100.0
2.0,4.0,6.0,8.0,10.0,12.0,14.0,16.0,18.0,20.0,22.0,24.0,26.0,28.0,30.0,32.0,34.0,36.0,38.0,40.0,42.0,44.0,46.0,48.0,50.0,52.0,54.0,56.0,58.0,60.0,62.0,64.0,66.0,68.0,70.0,72.0,74.0,76.0,78.0,80.0,82.0,84.0,86.0,88.0,90.0,92.0,94.0,96.0,98.0,100.0
2.0,4.0,6.0,8.0,10.0,12.0,14.0,16.0,18.0,20.0,22.0,24.0,26.0,28.0,30.0,32.0,34.0,36.0,38.0,40.0,42.0,44.0,46.0,48.0,50.0,52.0,54.0,56.0,58.0,60.0,62.0,64.0,66.0,68.0,70.0,72.0,74.0,76.0,78.0,80.0,82.0,84.0,86.0,88.0,90.0,92.0,94.0,96.0,98.0,100.0
2.0,4.0,6.0,8.0,10.0,12.0,14.0,16.0,18.0,20.0,22.0,24.0,26.0,28.0,30.0,32.0,34.0,36.0,38.0,40.0,42.0,44.0,46.0,48.0,50.0,52.0,54.0,56.0,58.0,60.0,62.0,64.0,66.0,68.0,70.0,72.0,74.0,76.0,78.0,80.0,82.0,84.0,86.0,88.0,90.0,92.0,94.0,96.0,98.0,100.0
2.0,4.0,6.0,8.0,10.0,12.0,14.0,16.0,18.0,20.0,22.0,24.0,26.0,28.0,30.0,32.0,34.0,36.0,38.0,40.0,42.0,44.0,46.0,48.0,50.0,52.0,54.0,56.0,58.0,60.0,62.0,64.0,66.0,68.0,70.0,72.0,74.0,76.0,78.0,80.0,82.0,84.0,86.0,88.0,90.0,92.0,94.0,96.0,98.0,100.0
2.0,4.0,6.0,8.0,10.0,12.0,14.0,16.0,18.0,20.0,22.0,24.0,26.0,28.0,30.0,32.0,34.0,36.0,38.0,40.0,42.0,44.0,46.0,48.0,50.0,52.0,54.0,56.0,58.0,60.0,62.0,64.0,66.0,68.0,70.0,72.0,74.0,76.0,78.0,80.0,82.0,84.0,86.0,88.0,90.0,92.0,94.0,96.0,98.0,100.0
2.0,4.0,6.0,8.0,10.0,12.0,14.0,16.0,18.0,20.0,22.0,24.0,26.0,28.0,30.0,32.0,34.0,36.0,38.0,40.0,42.0,44.0,46.0,48.0,50.0,52.0,54.0,56.0,58.0,60.0,62.0,64.0,66.0,68.0,70.0,72.0,74.0,76.0,78.0,80.0,82.0,84.0,86.0,88.0,90.0,92.0,94.0,96.0,98.0,100.0
2.0,4.0,6.0,8.0,10.0,12.0,14.0,16.0,18.0,20.0,22.0,24.0,26.0,28.0,30.0,32.0,34.0,36.0,38.0,40.0,42.0,44.0,46.0,48.0,50.0,52.0,54.0,56.0,58.0,60.0,62.0,64.0,66.0,68.0,70.0,72.0,74.0,76.0,78.0,80.0,82.0,84.0,86.0,88.0,90.0,92.0,94.0,96.0,98.0,100.0
2.0,4.0,6.0,8.0,10.0,12.0,14.0,16.0,18.0,20.0,22.0,24.0,26.0,28.0,30.0,32.0,34.0,36.0,38.0,40.0,42.0,44.0,46.0,48.0,50.0,52.0,54.0,56.0,58.0,60.0,62.0,64.0,66.0,68.0,70.0,72.0,74.0,76.0,78.0,80.0,82.0,84.0,86.0,88.0,90.0,92.0,94.0,96.0,98.0,100.0
2.0,4.0,6.0,8.0,10.0,12.0,14.0,16.0,18.0,20.0,22.0,24.0,26.0,28.0,30.0,32.0,34.0,36.0,38.0,40.0,42.0,44.0,46.0,48.0,50.0,52.0,54.0,56.0,58.0,60.0,62.0,64.0,66.0,68.0,70.0,72.0,74.0,76.0,78.0,80.0,82.0,84.0,86.0,88.0,90.0,92.0,94.0,96.0,98.0,100.0
2.0,4.0,6.0,8.0,10.0,12.0,14.0,16.0,18.0,20.0,22.0,24.0,26.0,28.0,30.0,32.0,34.0,36.0,38.0,40.0,42.0,44.0,46.0,48.0,50.0,52.0,54.0,56.0,58.0,60.0,62.0,64.0,66.0,68.0,70.0,72.0,74.0,76.0,78.0,80.0,82.0,84.0,86.0,88.0,90.0,92.0,94.0,96.0,98.0,100.0
2.0,4.0,6.0,8.0,10.0,12.0,14.0,16.0,18.0,20.0,22.0,24.0,26.0,28.0,30.0,32.0,34.0,36.0,38.0,40.0,42.0,44.0,46.0,48.0,50.0,52.0,54.0,56.0,58.0,60.0,62.0,64.0,66.0,68.0,70.0,72.0,74.0,76.0,78.0,80.0,82.0,84.0,86.0,88.0,90.0,92.0,94.0,96.0,98.0,100.0
2.0,4.0,6.0,8.0,10.0,12.0,14.0,16.0,18.0,20.0,22.0,24.0,26.0,28.0,30.0,32.0,34.0,36.0,38.0,40.0,42.0,44.0,46.0,48.0,50.0,52.0,54.0,56.0,58.0,60.0,62.0,64.0,66.0,68.0,70.0,72.0,74.0,76.0,78.0,80.0,82.0,84.0,86.0,88.0,90.0,92.0,94.0,96.0,98.0,100.0
2.0,4.0,6.0,8.0,10.0,12.0,14.0,16.0,18.0,20.0,22.0,24.0,26.0,28.0,30.0,32.0,34.0,36.0,38.0,40.0,42.0,44.0,46.0,48.0,50.0,52.0,54.0,56.0,58.0,60.0,62.0,64.0,66.0,68.0,70.0,72.0,74.0,76.0,78.0,80.0,82.0,84.0,86.0,88.0,90.0,92.0,94.0,96.0,98.0,100.0
2.0,4.0,6.0,8.0,10.0,12.0,14.0,16.0,18.0,20.0,22.0,24.0,26.0,28.0,30.0,32.0,34.0,36.0,38.0,40.0,42.0,44.0,46.0,48.0,50.0,52.0,54.0,56.0,58.0,60.0,62.0,64.0,66.0,68.0,70.0,72.0,74.0,76.0,78.0,80.0,82.0,84.0,86.0,88.0,90.0,92.0,94.0,96.0,98.0,100.0
2.0,4.0,6.0,8.0,10.0,12.0,14.0,16.0,18.0,20.0,22.0,24.0,26.0,28.0,30.0,32.0,34.0,36.0,38.0,40.0,42.0,44.0,46.0,48.0,50.0,52.0,54.0,56.0,58.0,60.0,62.0,64.0,66.0,68.0,70.0,72.0,74.0,76.0,78.0,80.0,82.0,84.0,86.0,88.0,90.0,92.0,94.0,96.0,98.0,100.0
2.0,4.0,6.0,8.0,10.0,12.0,14.0,16.0,18.0,20.0,22.0,24.0,26.0,28.0,30.0,32.0,34.0,36.0,38.0,40.0,42.0,44.0,46.0,48.0,50.0,52.0,54.0,56.0,58.0,60.0,62.0,64.0,66.0,68.0,70.0,72.0,74.0,76.0,78.0,80.0,82.0,84.0,86.0,88.0,90.0,92.0,94.0,96.0,98.0,100.0
2.0,4.0,6.0,8.0,10.0,12.0,14.0,16.0,18.0,20.0,22.0,24.0,26.0,28.0,30.0,32.0,34.0,36.0,38.0,40.0,42.0,44.0,46.0,48.0,50.0,52.0,54.0,56.0,58.0,60.0,62.0,64.0,66.0,68.0,70.0,72.0,74.0,76.0,78.0,80.0,82.0,84.0,86.0,88.0,90.0,92.0,94.0,96.0,98.0,100.0
2.0,4.0,6.0,8.0,10.0,12.0,14.0,16.0,18.0,20.0,22.0,24.0,26.0,28.0,30.0,32.0,34.0,36.0,38.0,40.0,42.0,44.0,46.0,48.0,50.0,52.0,54.0,56.0,58.0,60.0,62.0,64.0,66.0,68.0,70.0,72.0,74.0,76.0,78.0,80.0,82.0,84.0,86.0,88.0,90.0,92.0,94.0,96.0,98.0,100.0
2.0,4.0,6.0,8.0,10.0,12.0,14.0,16.0,18.0,20.0,22.0,24.0,26.0,28.0,30.0,32.0,34.0,36.0,38.0,40.0,42.0,44.0,46.0,48.0,50.0,52.0,54.0,56.0,58.0,60.0,62.0,64.0,66.0,68.0,70.0,72.0,74.0,76.0,78.0,80.0,82.0,84.0,86.0,88.0,90.0,92.0,94.0,96.0,98.0,100.0
2.0,4.0,6.0,8.0,10.0,12.0,14.0,16.0,18.0,20.0,22.0,24.0,26.0,28.0,30.0,32.0,34.0,36.0,38.0,40.0,42.0,44.0,46.0,48.0,50.0,52.0,54.0,56.0,58.0,60.0,62.0,64.0,66.0,68.0,70.0,72.0,74.0,76.0,78.0,80.0,82.0,84.0,86.0,88.0,90.0,92.0,94.0,96.0,98.0,100.0
2.0,4.0,6.0,8.0,10.0,12.0,14.0,16.0,18.0,20.0,22.0,24.0,26.0,28.0,30.0,32.0,34.0,36.0,38.0,40.0,42.0,44.0,46.0,48.0,50.0,52.0,54.0,56.0,58.0,60.0,62.0,64.0,66.0,68.0,70.0,72.0,74.0,76.0,78.0,80.0,82.0,84.0,86.0,88.0,90.0,92.0,94.0,96.0,98.0,100.0
2.0,4.0,6.0,8.0,10.0,12.0,14.0,16.0,18.0,20.0,22.0,24.0,26.0,28.0,30.0,32.0,34.0,36.0,38.0,40.0,42.0,44.0,46.0,48.0,50.0,52.0,54.0,56.0,58.0,60.0,62.0,64.0,66.0,68.0,70.0,72.0,74.0,76.0,78.0,80.0,82.0,84.0,86.0,88.0,90.0,92.0,94.0,96.0,98.0,100.0
2.0,4.0,6.0,8.0,10.0,12.0,14.0,16.0,18.0,20.0,22.0,24.0,26.0,28.0,30.0,32.0,34.0,36.0,38.0,40.0,42.0,44.0,46.0,48.0,50.0,52.0,54.0,56.0,58.0,60.0,62.0,64.0,66.0,68.0,70.0,72.0,74.0,76.0,78.0,80.0,82.0,84.0,86.0,88.0,90.0,92.0,94.0,96.0,98.0,100.0
2.0,4.0,6.0,8.0,10.0,12.0,14.0,16.0,18.0,20.0,22.0,24.0,26.0,28.0,30.0,32.0,34.0,36.0,38.0,40.0,42.0,44.0,46.0,48.0,50.0,52.0,54.0,56.0,58.0,60.0,62.0,64.0,66.0,68.0,70.0,72.0,74.0,76.0,78.0,80.0,82.0,84.0,86.0,88.0,90.0,92.0,94.0,96.0,98.0,100.0
2.0,4.0,6.0,8.0,10.0,12.0,14.0,16.0,18.0,20.0,22.0,24.0,26.0,28.0,30.0,32.0,34.0,36.0,38.0,40.0,42.0,44.0,46.0,48.0,50.0,52.0,54.0,56.0,58.0,60.0,62.0,64.0,66.0,68.0,70.0,72.0,74.0,76.0,78.0,80.0,82.0,84.0,86.0,88.0,90.0,92.0,94.0,96.0,98.0,100.0
2.0,4.0,6.0,8.0,10.0,12.0,14.0,16.0,18.0,20.0,22.0,24.0,26.0,28.0,30.0,32.0,34.0,36.0,38.0,40.0,42.0,44.0,46.0,48.0,50.0,52.0,54.0,56.0,58.0,60.0,62.0,64.0,66.0,68.0,70.0,72.0,74.0,76.0,78.0,80.0,82.0,84.0,86.0,88.0,90.0,92.0,94.0,96.0,98.0,100.0
2.0,4.0,6.0,8.0,10.0,12.0,14.0,16.0,18.0,20.0,22.0,24.0,26.0,28.0,30.0,32.0,34.0,36.0,38.0,40.0,42.0,44.0,46.0,48.0,50.0,52.0,54.0,56.0,58.0,60.0,62.0,64.0,66.0,68.0,70.0,72.0,74.0,76.0,78.0,80.0,82.0,84.0,86.0,88.0,90.0,92.0,94.0,96.0,98.0,100.0
2.0,4.0,6.0,8.0,10.0,12.0,14.0,16.0,18.0,20.0,22.0,24.0,26.0,28.0,30.0,32.0,34.0,36.0,38.0,40.0,42.0,44.0,46.0,48.0,50.0,52.0,54.0,56.0,58.0,60.0,62.0,64.0,66.0,68.0,70.0,72.0,74.0,76.0,78.0,80.0,82.0,84.0,86.0,88.0,90.0,92.0,94.0,96.0,98.0,100.0
2.0,4.0,6.0,8.0,10.0,12.0,14.0,16.0,18.0,20.0,22.0,24.0,26.0,28.0,30.0,32.0,34.0,36.0,38.0,40.0,42.0,44.0,46.0,48.0,50.0,52.0,54.0,56.0,58.0,60.0,62.0,64.0,66.0,68.0,70.0,72.0,74.0,76.0,78.0,80.0,82.0,84.0,86.0,88.0,90.0,92.0,94.0,96.0,98.0,100.0
2.0,4.0,6.0,8.0,10.0,12.0,14.0,16.0,18.0,20.0,22.0,24.0,26.0,28.0,30.0,32.0,34.0,36.0,38.0,40.0,42.0,44.0,46.0,48.0,50.0,52.0,54.0,56.0,58.0,60.0,62.0,64.0,66.0,68.0,70.0,72.0,74.0,76.0,78.0,80.0,82.0,84.0,86.0,88.0,90.0,92.0,94.0,96.0,98.0,100.0
2.0,4.0,6.0,8.0,10.0,12.0,14.0,16.0,18.0,20.0,22.0,24.0,26.0,28.0,30.0,32.0,34.0,36.0,38.0,40.0,42.0,44.0,46.0,48.0,50.0,52.0,54.0,56.0,58.0,60.0,62.0,64.0,66.0,68.0,70.0,72.0,74.0,76.0,78.0,80.0,82.0,84.0,86.0,88.0,90.0,92.0,94.0,96.0,98.0,100.0
2.0,4.0,6.0,8.0,10.0,12.0,14.0,16.0,18.0,20.0,22.0,24.0,26.0,28.0,30.0,32.0,34.0,36.0,38.0,40.0,42.0,44.0,46.0,48.0,50.0,52.0,54.0,56.0,58.0,60.0,62.0,64.0,66.0,68.0,70.0,72.0,74.0,76.0,78.0,80.0,82.0,84.0,86.0,88.0,90.0,92.0,94.0,96.0,98.0,100.0
2.0,4.0,6.0,8.0,10.0,12.0,14.0,16.0,18.0,20.0,22.0,24.0,26.0,28.0,30.0,32.0,34.0,36.0,38.0,40.0,42.0,44.0,46.0,48.0,50.0,52.0,54.0,56.0,58.0,60.0,62.0,64.0,66.0,68.0,70.0,72.0,74.0,76.0,78.0,80.0,82.0,84.0,86.0,88.0,90.0,92.0,94.0,96.0,98.0,100.0
2.0,4.0,6.0,8.0,10.0,12.0,14.0,16.0,18.0,20.0,22.0,24.0,26.0,28.0,30.0,32.0,34.0,36.0,38.0,40.0,42.0,44.0,46.0,48.0,50.0,52.0,54.0,56.0,58.0,60.0,62.0,64.0,66.0,68.0,70.0,72.0,74.0,76.0,78.0,80.0,82.0,84.0,86.0,88.0,90.0,92.0,94.0,96.0,98.0,100.0
2.0,4.0,6.0,8.0,10.0,12.0,14.0,16.0,18.0,20.0,22.0,24.0,26.0,28.0,30.0,32.0,34.0,36.0,38.0,40.0,42.0,44.0,46.0,48.0,50.0,52.0,54.0,56.0,58.0,60.0,62.0,64.0,66.0,68.0,70.0,72.0,74.0,76.0,78.0,80.0,82.0,84.0,86.0,88.0,90.0,92.0,94.0,96.0,98.0,100.0
2.0,4.0,6.0,8.0,10.0,12.0,14.0,16.0,18.0,20.0,22.0,24.0,26.0,28.0,30.0,32.0,34.0,36.0,38.0,40.0,42.0,44.0,46.0,48.0,50.0,52.0,54.0,56.0,58.0,60.0,62.0,64.0,66.0,68.0,70.0,72.0,74.0,76.0,78.0,80.0,82.0,84.0,86.0,88.0,90.0,92.0,94.0,96.0,98.0,100.0
2.0,4.0,6.0,8.0,10.0,12.0,14.0,16.0,18.0,20.0,22.0,24.0,26.0,28.0,30.0,32.0,34.0,36.0,38.0,40.0,42.0,44.0,46.0,48.0,50.0,52.0,54.0,56.0,58.0,60.0,62.0,64.0,66.0,68.0,70.0,72.0,74.0,76.0,78.0,80.0,82.0,84.0,86.0,88.0,90.0,92.0,94.0,96.0,98.0,100.0
2.0,4.0,6.0,8.0,10.0,12.0,14.0,16.0,18.0,20.0,22.0,24.0,26.0,28.0,30.0,32.0,34.0,36.0,38.0,40.0,42.0,44.0,46.0,48.0,50.0,52.0,54.0,56.0,58.0,60.0,62.0,64.0,66.0,68.0,70.0,72.0,74.0,76.0,78.0,80.0,82.0,84.0,86.0,88.0,90.0,92.0,94.0,96.0,98.0,100.0
2.0,4.0,6.0,8.0,10.0,12.0,14.0,16.0,18.0,20.0,22.0,24.0,26.0,28.0,30.0,32.0,34.0,36.0,38.0,40.0,42.0,44.0,46.0,48.0,50.0,52.0,54.0,56.0,58.0,60.0,62.0,64.0,66.0,68.0,70.0,72.0,74.0,76.0,78.0,80.0,82.0,84.0,86.0,88.0,90.0,92.0,94.0,96.0,98.0,100.0
2.0,4.0,6.0,8.0,10.0,12.0,14.0,16.0,18.0,20.0,22.0,24.0,26.0,28.0,30.0,32.0,34.0,36.0,38.0,40.0,42.0,44.0,46.0,48.0,50.0,52.0,54.0,56.0,58.0,60.0,62.0,64.0,66.0,68.0,70.0,72.0,74.0,76.0,78.0,80.0,82.0,84.0,86.0,88.0,90.0,92.0,94.0,96.0,98.0,100.0
2.0,4.0,6.0,8.0,10.0,12.0,14.0,16.0,18.0,20.0,22.0,24.0,26.0,28.0,30.0,32.0,34.0,36.0,38.0,40.0,42.0,44.0,46.0,48.0,50.0,52.0,54.0,56.0,58.0,60.0,62.0,64.0,66.0,68.0,70.0,72.0,74.0,76.0,78.0,80.0,82.0,84.0,86.0,88.0,90.0,92.0,94.0,96.0,98.0,100.0
2.0,4.0,6.0,8.0,10.0,12.0,14.0,16.0,18.0,20.0,22.0,24.0,26.0,28.0,30.0,32.0,34.0,36.0,38.0,40.0,42.0,44.0,46.0,48.0,50.0,52.0,54.0,56.0,58.0,60.0,62.0,64.0,66.0,68.0,70.0,72.0,74.0,76.0,78.0,80.0,82.0,84.0,86.0,88.0,90.0,92.0,94.0,96.0,98.0,100.0
2.0,4.0,6.0,8.0,10.0,12.0,14.0,16.0,18.0,20.0,22.0,24.0,26.0,28.0,30.0,32.0,34.0,36.0,38.0,40.0,42.0,44.0,46.0,48.0,50.0,52.0,54.0,56.0,58.0,60.0,62.0,64.0,66.0,68.0,70.0,72.0,74.0,76.0,78.0,80.0,82.0,84.0,86.0,88.0,90.0,92.0,94.0,96.0,98.0,100.0
starting cell matrix
"1",Point(8.359620083863028,1.7818072394123263),1.0336403544338264,0,0,"Alive",0
"2",Point(2.256642316687402,7.105685129444782),0.9872789058297416,0,0,"Alive",0
"3",Point(6.934397028256731,9.079062973332421),0.8811634085805123,0,0,"Alive",0
"4",Point(3.028461596155351,3.260323268461481),0.8922076788698636,0,0,"Alive",0
"5",Point(8.607127219027813,4.019984774674092),1.0061593205572714,0,0,"Alive",0
"6",Point(5.97502212742741,3.371977317315321),0.8929225960902064,0,0,"Alive",0
"7",Point(8.888148518283932,8.257595756953485),0.9895149111362033,0,0,"Alive",0
"8",Point(2.2440267303175343,1.3465336357618625),0.9213011195271463,0,0,"Alive",0
"9",Point(6.871698406070514,6.574317887169147),0.9349302010839945,0,0,"Alive",0
"10",Point(1.4635283597938458,5.070725268538961),1.0943236690999072,0,0,"Alive",0
subsequent cell matrices
"1",Point(8.359620083863028,1.7818072394123263),1.0336403544338264,0,0,"Alive",0
"2",Point(2.256642316687402,7.105685129444782),0.9872789058297416,0,0,"Alive",0
"3",Point(6.934397028256731,9.079062973332421),0.8811634085805123,0,0,"Alive",0
"4",Point(3.446984302574269,3.2051474884634974),0.8922076788698636,-0.13107870464297916,0,"Alive",0
"5",Point(8.607127219027813,4.019984774674092),1.0061593205572714,0,0,"Alive",0
"6",Point(5.97502212742741,3.371977317315321),0.8929225960902064,0,0,"Alive",0
"7",Point(8.888148518283932,8.257595756953485),0.9895149111362033,0,0,"Alive",0
"8",Point(2.2440267303175343,1.3465336357618625),0.9213011195271463,0,0,"Alive",0
"9",Point(6.871698406070514,6.574317887169147),0.9349302010839945,0,0,"Alive",0
"10",Point(1.4635283597938458,5.070725268538961),1.0943236690999072,0,0,"Alive",0
"1",Point(8.359620083863028,1.7818072394123263),1.0336403544338264,0,0,"Alive",0
"2",Point(2.256642316687402,7.105685129444782),0.9872789058297416,0,0,"Alive",0
"3",Point(6.934397028256731,9.079062973332421),0.8811634085805123,0,0,"Alive",0
"4",Point(3.446984302574269,3.2051474884634974),0.8922076788698636,-0.13107870464297916,0,"Alive",0
"5",Point(8.607127219027813,4.019984774674092),1.0061593205572714,0,0,"Alive",0
"6",Point(5.97502212742741,3.371977317315321),0.8929225960902064,0,0,"Alive",0
"7",Point(8.888148518283932,8.257595756953485),0.9895149111362033,0,0,"Alive",0
"8",Point(2.2440267303175343,1.3465336357618625),0.9213011195271463,0,0,"Alive",0
"9",Point(6.871698406070514,6.574317887169147),0.9349302010839945,0,0,"Alive",0
"10",Point(1.5270025677783936,5.068561279791437),1.0943236690999072,-0.03407921113907924,0,"Alive",0
"1",Point(8.359620083863028,1.7818072394123263),1.0336403544338264,0,0,"Alive",0
"2",Point(2.256642316687402,7.105685129444782),0.9872789058297416,0,0,"Alive",0
"3",Point(6.934397028256731,9.079062973332421),0.8811634085805123,0,0,"Alive",0
"4",Point(3.446984302574269,3.2051474884634974),0.8922076788698636,-0.13107870464297916,0,"Alive",0
"5",Point(8.607127219027813,4.019984774674092),1.0061593205572714,0,0,"Alive",0
"6",Point(5.97502212742741,3.371977317315321),0.8929225960902064,0,0,"Alive",0
"7",Point(8.888148518283932,8.257595756953485),0.9895149111362033,0,0,"Alive",0
"8",Point(2.2440267303175343,1.3465336357618625),0.9213011195271463,0,0,"Alive",0
"9",Point(6.871698406070514,6.574317887169147),0.9349302010839945,0.0,0.0,"Alive",0
"10",Point(1.5270025677783936,5.068561279791437),1.0943236690999072,-0.03407921113907924,0,"Alive",0
"7.0",Point(9.009806338573766,6.282308837995664),0.9895149111362033,1,1,"Alive",0
"1",Point(8.359620083863028,1.7818072394123263),1.0336403544338264,0,0,"Alive",0
"2",Point(2.256642316687402,7.105685129444782),0.9872789058297416,0,0,"Alive",0
"3",Point(6.934397028256731,9.079062973332421),0.8811634085805123,0,0,"Alive",0
"4",Point(3.446984302574269,3.2051474884634974),0.8922076788698636,-0.13107870464297916,0,"Alive",0
"5",Point(8.607127219027813,4.019984774674092),1.0061593205572714,0,0,"Alive",0
"6",Point(5.97502212742741,3.371977317315321),0.8929225960902064,0,0,"Alive",0
"7",Point(8.888148518283932,8.257595756953485),0.9895149111362033,0,0,"Alive",0
"8",Point(3.1669551372974247,1.2864142220354953),0.9213011195271463,-0.06504794544992501,0,"Alive",0
"9",Point(6.871698406070514,6.574317887169147),0.9349302010839945,0.0,0.0,"Alive",0
"10",Point(1.5270025677783936,5.068561279791437),1.0943236690999072,-0.03407921113907924,0,"Alive",0
"7.0",Point(9.009806338573766,6.282308837995664),0.9895149111362033,1,1,"Alive",0
"1",Point(8.733638839429176,1.7668817821441465),1.0336403544338264,-0.039884476049372106,0,"Alive",0
"2",Point(2.256642316687402,7.105685129444782),0.9872789058297416,0,0,"Alive",0
"3",Point(6.934397028256731,9.079062973332421),0.8811634085805123,0,0,"Alive",0
"4",Point(3.446984302574269,3.2051474884634974),0.8922076788698636,-0.13107870464297916,0,"Alive",0
"5",Point(8.607127219027813,4.019984774674092),1.0061593205572714,0,0,"Alive",0
"6",Point(5.97502212742741,3.371977317315321),0.8929225960902064,0,0,"Alive",0
"7",Point(8.888148518283932,8.257595756953485),0.9895149111362033,0,0,"Alive",0
"8",Point(3.1669551372974247,1.2864142220354953),0.9213011195271463,-0.06504794544992501,0,"Alive",0
"9",Point(6.871698406070514,6.574317887169147),0.9349302010839945,0.0,0.0,"Alive",0
"10",Point(1.5270025677783936,5.068561279791437),1.0943236690999072,-0.03407921113907924,0,"Alive",0
"7.0",Point(9.009806338573766,6.282308837995664),0.9895149111362033,1,1,"Alive",0
"6.0",Point(5.011866259139156,4.8758303100695315),0.8929225960902064,1,1,"Alive",0
"1",Point(8.733638839429176,1.7668817821441465),1.0336403544338264,-0.039884476049372106,0,"Alive",0
"2",Point(2.256642316687402,7.105685129444782),0.9872789058297416,0,0,"Alive",0
"3",Point(6.934397028256731,9.079062973332421),0.8811634085805123,0,0,"Alive",0
"4",Point(3.4821852901240433,3.2074591104932706),0.8922076788698636,0.06557508310887439,0,"Alive",0
"5",Point(8.607127219027813,4.019984774674092),1.0061593205572714,0,0,"Alive",0
"6",Point(5.97502212742741,3.371977317315321),0.8929225960902064,0,0,"Alive",0
"7",Point(8.888148518283932,8.257595756953485),0.9895149111362033,0,0,"Alive",0
"8",Point(3.1669551372974247,1.2864142220354953),0.9213011195271463,-0.06504794544992501,0,"Alive",0
"9",Point(6.871698406070514,6.574317887169147),0.9349302010839945,0.0,0.0,"Alive",0
"10",Point(1.5270025677783936,5.068561279791437),1.0943236690999072,-0.03407921113907924,0,"Alive",0
"7.0",Point(9.009806338573766,6.282308837995664),0.9895149111362033,1,1,"Alive",0
"6.0",Point(5.011866259139156,4.8758303100695315),0.8929225960902064,1,1,"Alive",0
"6.0",Point(5.126181315318227,1.8007636698021257),0.8929225960902064,1,1,"Alive",0
"1",Point(8.733638839429176,1.7668817821441465),1.0336403544338264,-0.039884476049372106,0,"Alive",0
"2",Point(2.256642316687402,7.105685129444782),0.9872789058297416,0,0,"Alive",0
"3",Point(6.934397028256731,9.079062973332421),0.8811634085805123,0.0,0.0,"Alive",0
"4",Point(3.4821852901240433,3.2074591104932706),0.8922076788698636,0.06557508310887439,0,"Alive",0
"5",Point(8.607127219027813,4.019984774674092),1.0061593205572714,0,0,"Alive",0
"6",Point(5.97502212742741,3.371977317315321),0.8929225960902064,0,0,"Alive",0
"7",Point(8.888148518283932,8.257595756953485),0.9895149111362033,0,0,"Alive",0
"8",Point(3.1669551372974247,1.2864142220354953),0.9213011195271463,-0.06504794544992501,0,"Alive",0
"9",Point(6.871698406070514,6.574317887169147),0.9349302010839945,0.0,0.0,"Alive",0
"10",Point(1.5270025677783936,5.068561279791437),1.0943236690999072,-0.03407921113907924,0,"Alive",0
"7.0",Point(9.009806338573766,6.282308837995664),0.9895149111362033,1,1,"Alive",0
"6.0",Point(5.011866259139156,4.8758303100695315),0.8929225960902064,1,1,"Alive",0
"6.0",Point(5.126181315318227,1.8007636698021257),0.8929225960902064,1,1,"Alive",0
"1",Point(8.733638839429176,1.7668817821441465),1.0336403544338264,-0.039884476049372106,0,"Alive",0
"2",Point(2.256642316687402,7.105685129444782),0.9872789058297416,0,0,"Alive",0
"3",Point(6.934397028256731,9.079062973332421),0.8811634085805123,0.0,0.0,"Alive",0
"4",Point(3.4821852901240433,3.2074591104932706),0.8922076788698636,0.06557508310887439,0,"Alive",0
"5",Point(8.607127219027813,4.019984774674092),1.0061593205572714,0,0,"Alive",0
"6",Point(5.97502212742741,3.371977317315321),0.8929225960902064,0,0,"Alive",0
"7",Point(8.888148518283932,8.257595756953485),0.9895149111362033,0,0,"Alive",0
"8",Point(3.1669551372974247,1.2864142220354953),0.9213011195271463,-0.06504794544992501,0,"Alive",0
"9",Point(6.871698406070514,6.574317887169147),0.9349302010839945,0.0,0.0,"Alive",0
"10",Point(1.5270025677783936,5.068561279791437),1.0943236690999072,-0.03407921113907924,0,"Alive",0
"7.0",Point(9.009806338573766,6.282308837995664),0.9895149111362033,0.0,0.0,"Alive",0
"6.0",Point(5.011866259139156,4.8758303100695315),0.8929225960902064,1,1,"Alive",0
"6.0",Point(5.126181315318227,1.8007636698021257),0.8929225960902064,1,1,"Alive",0
"1",Point(8.733638839429176,1.7668817821441465),1.0336403544338264,-0.039884476049372106,0,"Alive",0
"2",Point(2.256642316687402,7.105685129444782),0.9872789058297416,0,0,"Alive",0
"3",Point(6.934397028256731,9.079062973332421),0.8811634085805123,0.0,0.0,"Alive",0
"4",Point(3.4821852901240433,3.2074591104932706),0.8922076788698636,0.06557508310887439,0,"Alive",0
"5",Point(8.607127219027813,4.019984774674092),1.0061593205572714,0,0,"Alive",0
"6",Point(5.97502212742741,3.371977317315321),0.8929225960902064,0,0,"Alive",0
"7",Point(8.888148518283932,8.257595756953485),0.9895149111362033,0,0,"Alive",0
"8",Point(3.1669551372974247,1.2864142220354953),0.9213011195271463,-0.06504794544992501,0,"Alive",0
"9",Point(6.871698406070514,6.574317887169147),0.9349302010839945,0.0,0.0,"Alive",0
"10",Point(1.5270025677783936,5.068561279791437),1.0943236690999072,-0.03407921113907924,0,"Alive",0
"7.0",Point(9.009806338573766,6.282308837995664),0.9895149111362033,0.0,0.0,"Alive",0
"6.0",Point(5.011866259139156,4.8758303100695315),0.8929225960902064,1,1,"Alive",0
"6.0",Point(5.126181315318227,1.8007636698021257),0.8929225960902064,0.0,0.0,"Alive",0
"1",Point(8.733638839429176,1.7668817821441465),1.0336403544338264,-0.039884476049372106,0,"Alive",0
"2",Point(2.256642316687402,7.105685129444782),0.9872789058297416,0,0,"Alive",0
"3",Point(6.934397028256731,9.079062973332421),0.8811634085805123,0.0,0.0,"Alive",0
"4",Point(3.4821852901240433,3.2074591104932706),0.8922076788698636,0.06557508310887439,0,"Alive",0
"5",Point(8.607127219027813,4.019984774674092),1.0061593205572714,0,0,"Alive",0
"6",Point(5.97502212742741,3.371977317315321),0.8929225960902064,0,0,"Alive",0
"7",Point(8.888148518283932,8.257595756953485),0.9895149111362033,0,0,"Alive",0
"8",Point(3.1669551372974247,1.2864142220354953),0.9213011195271463,-0.06504794544992501,0,"Alive",0
"9",Point(6.871698406070514,6.574317887169147),0.9349302010839945,0.0,0.0,"Alive",0
"10",Point(1.5270025677783936,5.068561279791437),1.0943236690999072,-0.03407921113907924,0,"Alive",0
"7.0",Point(9.009806338573766,6.282308837995664),0.9895149111362033,0.0,0.0,"Alive",0
"6.0",Point(5.011866259139156,4.8758303100695315),0.8929225960902064,1,1,"Alive",0
"6.0",Point(5.126181315318227,1.8007636698021257),0.8929225960902064,0.0,0.0,"Alive",0
"1",Point(8.733638839429176,1.7668817821441465),1.0336403544338264,-0.039884476049372106,0,"Alive",0
"2",Point(2.256642316687402,7.105685129444782),0.9872789058297416,0,0,"Alive",0
"3",Point(6.934397028256731,9.079062973332421),0.8811634085805123,0.0,0.0,"Alive",0
"4",Point(3.4821852901240433,3.2074591104932706),0.8922076788698636,0.06557508310887439,0,"Alive",0
"5",Point(8.607127219027813,4.019984774674092),1.0061593205572714,0,0,"Alive",0
"6",Point(5.97502212742741,3.371977317315321),0.8929225960902064,0,0,"Alive",0
"7",Point(8.888148518283932,8.257595756953485),0.9895149111362033,0,0,"Alive",0
"8",Point(3.1669551372974247,1.2864142220354953),0.9213011195271463,-0.06504794544992501,0,"Alive",0
"9",Point(6.871698406070514,6.574317887169147),0.9349302010839945,0.0,0.0,"Alive",0
"10",Point(1.5270025677783936,5.068561279791437),1.0943236690999072,-0.03407921113907924,0,"Alive",0
"7.0",Point(9.009806338573766,6.282308837995664),0.9895149111362033,0.0,0.0,"Alive",0
"6.0",Point(5.011866259139156,4.8758303100695315),0.8929225960902064,0.0,0.0,"Alive",0
"6.0",Point(5.126181315318227,1.8007636698021257),0.8929225960902064,0.0,0.0,"Alive",0
"1",Point(8.733638839429176,1.7668817821441465),1.0336403544338264,-0.039884476049372106,0,"Alive",0
"2",Point(2.256642316687402,7.105685129444782),0.9872789058297416,0,0,"Alive",0
"3",Point(6.934397028256731,9.079062973332421),0.8811634085805123,0.0,0.0,"Alive",0
"4",Point(3.4821852901240433,3.2074591104932706),0.8922076788698636,0.06557508310887439,0,"Alive",0
"5",Point(8.607127219027813,4.019984774674092),1.0061593205572714,0,0,"Alive",0
"6",Point(5.97502212742741,3.371977317315321),0.8929225960902064,0,0,"Alive",0
"7",Point(8.888148518283932,8.257595756953485),0.9895149111362033,0,0,"Alive",0
"8",Point(3.1669551372974247,1.2864142220354953),0.9213011195271463,-0.06504794544992501,0,"Alive",0
"9",Point(6.871698406070514,6.574317887169147),0.9349302010839945,0.0,0.0,"Alive",0
"10",Point(1.5270025677783936,5.068561279791437),1.0943236690999072,-0.03407921113907924,0,"Alive",0
"7.0",Point(9.009806338573766,6.282308837995664),0.9895149111362033,0.0,0.0,"Alive",0
"6.0",Point(5.011866259139156,4.8758303100695315),0.8929225960902064,0.0,0.0,"Alive",0
"6.0",Point(5.126181315318227,1.8007636698021257),0.8929225960902064,0.0,0.0,"Alive",0
"1",Point(8.733638839429176,1.7668817821441465),1.0336403544338264,-0.039884476049372106,0,"Alive",0
"2",Point(2.256642316687402,7.105685129444782),0.9872789058297416,0,0,"Alive",0
"3",Point(6.934397028256731,9.079062973332421),0.8811634085805123,0.0,0.0,"Alive",0
"4",Point(3.4821852901240433,3.2074591104932706),0.8922076788698636,0.06557508310887439,0,"Alive",0
"5",Point(8.607127219027813,4.019984774674092),1.0061593205572714,0,0,"Alive",0
"6",Point(5.97502212742741,3.371977317315321),0.8929225960902064,0,0,"Alive",0
"7",Point(8.888148518283932,8.257595756953485),0.9895149111362033,0,0,"Alive",0
"8",Point(3.1669551372974247,1.2864142220354953),0.9213011195271463,0.0,0.0,"Alive",0
"9",Point(6.871698406070514,6.574317887169147),0.9349302010839945,0.0,0.0,"Alive",0
"10",Point(1.5270025677783936,5.068561279791437),1.0943236690999072,-0.03407921113907924,0,"Alive",0
"7.0",Point(9.009806338573766,6.282308837995664),0.9895149111362033,0.0,0.0,"Alive",0
"6.0",Point(5.011866259139156,4.8758303100695315),0.8929225960902064,0.0,0.0,"Alive",0
"6.0",Point(5.126181315318227,1.8007636698021257),0.8929225960902064,0.0,0.0,"Alive",0
"6.0.0",Point(6.788708977200461,1.1486556849481677),0.8929225960902064,1,1,"Alive",0
"1",Point(8.733638839429176,1.7668817821441465),1.0336403544338264,-0.039884476049372106,0,"Alive",0
"2",Point(2.256642316687402,7.105685129444782),0.9872789058297416,0,0,"Alive",0
"3",Point(6.934397028256731,9.079062973332421),0.8811634085805123,0.0,0.0,"Alive",0
"4",Point(3.4821852901240433,3.2074591104932706),0.8922076788698636,0.06557508310887439,0,"Alive",0
"5",Point(8.607127219027813,4.019984774674092),1.0061593205572714,0,0,"Alive",0
"6",Point(5.97502212742741,3.371977317315321),0.8929225960902064,0,0,"Alive",0
"7",Point(8.888148518283932,8.257595756953485),0.9895149111362033,0,0,"Alive",0
"8",Point(3.1669551372974247,1.2864142220354953),0.9213011195271463,0.0,0.0,"Alive",0
"9",Point(6.871698406070514,6.574317887169147),0.9349302010839945,0.0,0.0,"Alive",0
"10",Point(1.5270025677783936,5.068561279791437),1.0943236690999072,-0.03407921113907924,0,"Alive",0
"7.0",Point(9.009806338573766,6.282308837995664),0.9895149111362033,0.0,0.0,"Alive",0
"6.0",Point(5.011866259139156,4.8758303100695315),0.8929225960902064,0.0,0.0,"Alive",0
"6.0",Point(5.126181315318227,1.8007636698021257),0.8929225960902064,0.0,0.0,"Alive",0
"6.0.0",Point(6.788708977200461,1.1486556849481677),0.8929225960902064,1,1,"Alive",0
"1",Point(8.733638839429176,1.7668817821441465),1.0336403544338264,-0.039884476049372106,0,"Alive",0
"2",Point(2.5315028716957584,7.113278658323124),0.9872789058297416,0.027619815660323514,0,"Alive",0
"3",Point(6.934397028256731,9.079062973332421),0.8811634085805123,0.0,0.0,"Alive",0
"4",Point(3.4821852901240433,3.2074591104932706),0.8922076788698636,0.06557508310887439,0,"Alive",0
"5",Point(8.607127219027813,4.019984774674092),1.0061593205572714,0,0,"Alive",0
"6",Point(5.97502212742741,3.371977317315321),0.8929225960902064,0,0,"Alive",0
"7",Point(8.888148518283932,8.257595756953485),0.9895149111362033,0,0,"Alive",0
"8",Point(3.1669551372974247,1.2864142220354953),0.9213011195271463,0.0,0.0,"Alive",0
"9",Point(6.871698406070514,6.574317887169147),0.9349302010839945,0.0,0.0,"Alive",0
"10",Point(1.5270025677783936,5.068561279791437),1.0943236690999072,-0.03407921113907924,0,"Alive",0
"7.0",Point(9.009806338573766,6.282308837995664),0.9895149111362033,0.0,0.0,"Alive",0
"6.0",Point(5.011866259139156,4.8758303100695315),0.8929225960902064,0.0,0.0,"Alive",0
"6.0",Point(5.126181315318227,1.8007636698021257),0.8929225960902064,0.0,0.0,"Alive",0
"6.0.0",Point(6.788708977200461,1.1486556849481677),0.8929225960902064,1,1,"Alive",0
"1",Point(8.733638839429176,1.7668817821441465),1.0336403544338264,-0.039884476049372106,0,"Alive",0
"2",Point(2.5315028716957584,7.113278658323124),0.9872789058297416,0.027619815660323514,0,"Alive",0
"3",Point(6.934397028256731,9.079062973332421),0.8811634085805123,0.0,0.0,"Alive",0
"4",Point(3.4821852901240433,3.2074591104932706),0.8922076788698636,0.06557508310887439,0,"Alive",0
"5",Point(8.607127219027813,4.019984774674092),1.0061593205572714,0,0,"Alive",0
"6",Point(5.97502212742741,3.371977317315321),0.8929225960902064,0,0,"Alive",0
"7",Point(8.888148518283932,8.257595756953485),0.9895149111362033,0,0,"Alive",0
"8",Point(3.1669551372974247,1.2864142220354953),0.9213011195271463,0.0,0.0,"Alive",0
"9",Point(6.871698406070514,6.574317887169147),0.9349302010839945,0.0,0.0,"Alive",0
"10",Point(1.5270025677783936,5.068561279791437),1.0943236690999072,-0.03407921113907924,0,"Alive",0
"7.0",Point(9.009806338573766,6.282308837995664),0.9895149111362033,0.0,0.0,"Alive",0
"6.0",Point(5.011866259139156,4.8758303100695315),0.8929225960902064,0.0,0.0,"Alive",0
"6.0",Point(5.126181315318227,1.8007636698021257),0.8929225960902064,0.0,0.0,"Alive",0
"6.0.0",Point(6.788708977200461,1.1486556849481677),0.8929225960902064,1,1,"Alive",0
"1",Point(8.733638839429176,1.7668817821441465),1.0336403544338264,-0.039884476049372106,0,"Alive",0
"2",Point(2.5315028716957584,7.113278658323124),0.9872789058297416,0.027619815660323514,0,"Alive",0
"3",Point(6.934397028256731,9.079062973332421),0.8811634085805123,0.0,0.0,"Alive",0
"4",Point(3.4821852901240433,3.2074591104932706),0.8922076788698636,0.06557508310887439,0,"Alive",0
"5",Point(8.607127219027813,4.019984774674092),1.0061593205572714,0,0,"Alive",0
"6",Point(5.97502212742741,3.371977317315321),0.8929225960902064,0,0,"Alive",0
"7",Point(8.888148518283932,8.257595756953485),0.9895149111362033,0,0,"Alive",0
"8",Point(3.1669551372974247,1.2864142220354953),0.9213011195271463,0.0,0.0,"Alive",0
"9",Point(6.871698406070514,6.574317887169147),0.9349302010839945,0.0,0.0,"Alive",0
"10",Point(1.5270025677783936,5.068561279791437),1.0943236690999072,-0.03407921113907924,0,"Alive",0
"7.0",Point(9.009806338573766,6.282308837995664),0.9895149111362033,0.0,0.0,"Alive",0
"6.0",Point(5.011866259139156,4.8758303100695315),0.8929225960902064,0.0,0.0,"Alive",0
"6.0",Point(5.126181315318227,1.8007636698021257),0.8929225960902064,0.0,0.0,"Alive",0
"6.0.0",Point(6.788708977200461,1.1486556849481677),0.8929225960902064,1,1,"Alive",0
"1",Point(8.733638839429176,1.7668817821441465),1.0336403544338264,-0.039884476049372106,0,"Alive",0
"2",Point(2.5315028716957584,7.113278658323124),0.9872789058297416,0.027619815660323514,0,"Alive",0
"3",Point(6.934397028256731,9.079062973332421),0.8811634085805123,0.0,0.0,"Alive",0
"4",Point(3.4821852901240433,3.2074591104932706),0.8922076788698636,0.06557508310887439,0,"Alive",0
"5",Point(8.392639582190393,4.102493057307646),1.0061593205572714,-0.08332425488546998,0,"Alive",0
"6",Point(5.97502212742741,3.371977317315321),0.8929225960902064,0,0,"Alive",0
"7",Point(8.888148518283932,8.257595756953485),0.9895149111362033,0,0,"Alive",0
"8",Point(3.1669551372974247,1.2864142220354953),0.9213011195271463,0.0,0.0,"Alive",0
"9",Point(6.871698406070514,6.574317887169147),0.9349302010839945,0.0,0.0,"Alive",0
"10",Point(1.5270025677783936,5.068561279791437),1.0943236690999072,-0.03407921113907924,0,"Alive",0
"7.0",Point(9.009806338573766,6.282308837995664),0.9895149111362033,0.0,0.0,"Alive",0
"6.0",Point(5.011866259139156,4.8758303100695315),0.8929225960902064,0.0,0.0,"Alive",0
"6.0",Point(5.126181315318227,1.8007636698021257),0.8929225960902064,0.0,0.0,"Alive",0
"6.0.0",Point(6.788708977200461,1.1486556849481677),0.8929225960902064,1,1,"Alive",0
"1",Point(8.733638839429176,1.7668817821441465),1.0336403544338264,-0.039884476049372106,0,"Alive",0
"2",Point(2.5315028716957584,7.113278658323124),0.9872789058297416,0.027619815660323514,0,"Alive",0
"3",Point(6.934397028256731,9.079062973332421),0.8811634085805123,0.0,0.0,"Alive",0
"4",Point(3.4821852901240433,3.2074591104932706),0.8922076788698636,0.06557508310887439,0,"Alive",0
"5",Point(8.392639582190393,4.102493057307646),1.0061593205572714,-0.08332425488546998,0,"Alive",0
"6",Point(5.97502212742741,3.371977317315321),0.8929225960902064,0,0,"Alive",0
"7",Point(8.888148518283932,8.257595756953485),0.9895149111362033,0,0,"Alive",0
"8",Point(3.1669551372974247,1.2864142220354953),0.9213011195271463,0.0,0.0,"Alive",0
"9",Point(6.871698406070514,6.574317887169147),0.9349302010839945,0.0,0.0,"Alive",0
"10",Point(1.5270025677783936,5.068561279791437),1.0943236690999072,-0.03407921113907924,0,"Alive",0
"7.0",Point(9.009806338573766,6.282308837995664),0.9895149111362033,0.0,0.0,"Alive",0
"6.0",Point(5.011866259139156,4.8758303100695315),0.8929225960902064,0.0,0.0,"Alive",0
"6.0",Point(5.126181315318227,1.8007636698021257),0.8929225960902064,0.0,0.0,"Alive",0
"6.0.0",Point(6.788708977200461,1.1486556849481677),0.8929225960902064,1,1,"Alive",0
"1",Point(8.733638839429176,1.7668817821441465),1.0336403544338264,-0.039884476049372106,0,"Alive",0
"2",Point(2.5315028716957584,7.113278658323124),0.9872789058297416,0.027619815660323514,0,"Alive",0
"3",Point(6.934397028256731,9.079062973332421),0.8811634085805123,0.0,0.0,"Alive",0
"4",Point(3.4821852901240433,3.2074591104932706),0.8922076788698636,0.06557508310887439,0,"Alive",0
"5",Point(8.392639582190393,4.102493057307646),1.0061593205572714,-0.08332425488546998,0,"Alive",0
"6",Point(5.97502212742741,3.371977317315321),0.8929225960902064,0.0,0.0,"Alive",0
"7",Point(8.888148518283932,8.257595756953485),0.9895149111362033,0,0,"Alive",0
"8",Point(3.1669551372974247,1.2864142220354953),0.9213011195271463,0.0,0.0,"Alive",0
"9",Point(6.871698406070514,6.574317887169147),0.9349302010839945,0.0,0.0,"Alive",0
"10",Point(1.5270025677783936,5.068561279791437),1.0943236690999072,-0.03407921113907924,0,"Alive",0
"7.0",Point(9.009806338573766,6.282308837995664),0.9895149111362033,0.0,0.0,"Alive",0
"6.0",Point(5.011866259139156,4.8758303100695315),0.8929225960902064,0.0,0.0,"Alive",0
"6.0",Point(5.126181315318227,1.8007636698021257),0.8929225960902064,0.0,0.0,"Alive",0
"6.0.0",Point(6.788708977200461,1.1486556849481677),0.8929225960902064,1,1,"Alive",0
