time,diffusion rate
27 Jan 2015 05:19:39 PM,1.0
Number of cells,Speed of cells,Average cell radius,Number of timesteps,Width of environment,Height of environment,Probability of cell division,Probability of cell death
10.0,1.0,1.0,20.0,10.0,10.0,0.0,0.0
starting concentration map
2.0,4.0,6.0,8.0,10.0,12.0,14.0,16.0,18.0,20.0,22.0,24.0,26.0,28.0,30.0,32.0,34.0,36.0,38.0,40.0,42.0,44.0,46.0,48.0,50.0,52.0,54.0,56.0,58.0,60.0,62.0,64.0,66.0,68.0,70.0,72.0,74.0,76.0,78.0,80.0,82.0,84.0,86.0,88.0,90.0,92.0,94.0,96.0,98.0,100.0
2.0,4.0,6.0,8.0,10.0,12.0,14.0,16.0,18.0,20.0,22.0,24.0,26.0,28.0,30.0,32.0,34.0,36.0,38.0,40.0,42.0,44.0,46.0,48.0,50.0,52.0,54.0,56.0,58.0,60.0,62.0,64.0,66.0,68.0,70.0,72.0,74.0,76.0,78.0,80.0,82.0,84.0,86.0,88.0,90.0,92.0,94.0,96.0,98.0,100.0
2.0,4.0,6.0,8.0,10.0,12.0,14.0,16.0,18.0,20.0,22.0,24.0,26.0,28.0,30.0,32.0,34.0,36.0,38.0,40.0,42.0,44.0,46.0,48.0,50.0,52.0,54.0,56.0,58.0,60.0,62.0,64.0,66.0,68.0,70.0,72.0,74.0,76.0,78.0,80.0,82.0,84.0,86.0,88.0,90.0,92.0,94.0,96.0,98.0,100.0
2.0,4.0,6.0,8.0,10.0,12.0,14.0,16.0,18.0,20.0,22.0,24.0,26.0,28.0,30.0,32.0,34.0,36.0,38.0,40.0,42.0,44.0,46.0,48.0,50.0,52.0,54.0,56.0,58.0,60.0,62.0,64.0,66.0,68.0,70.0,72.0,74.0,76.0,78.0,80.0,82.0,84.0,86.0,88.0,90.0,92.0,94.0,96.0,98.0,100.0
2.0,4.0,6.0,8.0,10.0,12.0,14.0,16.0,18.0,20.0,22.0,24.0,26.0,28.0,30.0,32.0,34.0,36.0,38.0,40.0,42.0,44.0,46.0,48.0,50.0,52.0,54.0,56.0,58.0,60.0,62.0,64.0,66.0,68.0,70.0,72.0,74.0,76.0,78.0,80.0,82.0,84.0,86.0,88.0,90.0,92.0,94.0,96.0,98.0,100.0
2.0,4.0,6.0,8.0,10.0,12.0,14.0,16.0,18.0,20.0,22.0,24.0,26.0,28.0,30.0,32.0,34.0,36.0,38.0,40.0,42.0,44.0,46.0,48.0,50.0,52.0,54.0,56.0,58.0,60.0,62.0,64.0,66.0,68.0,70.0,72.0,74.0,76.0,78.0,80.0,82.0,84.0,86.0,88.0,90.0,92.0,94.0,96.0,98.0,100.0
2.0,4.0,6.0,8.0,10.0,12.0,14.0,16.0,18.0,20.0,22.0,24.0,26.0,28.0,30.0,32.0,34.0,36.0,38.0,40.0,42.0,44.0,46.0,48.0,50.0,52.0,54.0,56.0,58.0,60.0,62.0,64.0,66.0,68.0,70.0,72.0,74.0,76.0,78.0,80.0,82.0,84.0,86.0,88.0,90.0,92.0,94.0,96.0,98.0,100.0
2.0,4.0,6.0,8.0,10.0,12.0,14.0,16.0,18.0,20.0,22.0,24.0,26.0,28.0,30.0,32.0,34.0,36.0,38.0,40.0,42.0,44.0,46.0,48.0,50.0,52.0,54.0,56.0,58.0,60.0,62.0,64.0,66.0,68.0,70.0,72.0,74.0,76.0,78.0,80.0,82.0,84.0,86.0,88.0,90.0,92.0,94.0,96.0,98.0,100.0
2.0,4.0,6.0,8.0,10.0,12.0,14.0,16.0,18.0,20.0,22.0,24.0,26.0,28.0,30.0,32.0,34.0,36.0,38.0,40.0,42.0,44.0,46.0,48.0,50.0,52.0,54.0,56.0,58.0,60.0,62.0,64.0,66.0,68.0,70.0,72.0,74.0,76.0,78.0,80.0,82.0,84.0,86.0,88.0,90.0,92.0,94.0,96.0,98.0,100.0
2.0,4.0,6.0,8.0,10.0,12.0,14.0,16.0,18.0,20.0,22.0,24.0,26.0,28.0,30.0,32.0,34.0,36.0,38.0,40.0,42.0,44.0,46.0,48.0,50.0,52.0,54.0,56.0,58.0,60.0,62.0,64.0,66.0,68.0,70.0,72.0,74.0,76.0,78.0,80.0,82.0,84.0,86.0,88.0,90.0,92.0,94.0,96.0,98.0,100.0
2.0,4.0,6.0,8.0,10.0,12.0,14.0,16.0,18.0,20.0,22.0,24.0,26.0,28.0,30.0,32.0,34.0,36.0,38.0,40.0,42.0,44.0,46.0,48.0,50.0,52.0,54.0,56.0,58.0,60.0,62.0,64.0,66.0,68.0,70.0,72.0,74.0,76.0,78.0,80.0,82.0,84.0,86.0,88.0,90.0,92.0,94.0,96.0,98.0,100.0
2.0,4.0,6.0,8.0,10.0,12.0,14.0,16.0,18.0,20.0,22.0,24.0,26.0,28.0,30.0,32.0,34.0,36.0,38.0,40.0,42.0,44.0,46.0,48.0,50.0,52.0,54.0,56.0,58.0,60.0,62.0,64.0,66.0,68.0,70.0,72.0,74.0,76.0,78.0,80.0,82.0,84.0,86.0,88.0,90.0,92.0,94.0,96.0,98.0,100.0
2.0,4.0,6.0,8.0,10.0,12.0,14.0,16.0,18.0,20.0,22.0,24.0,26.0,28.0,30.0,32.0,34.0,36.0,38.0,40.0,42.0,44.0,46.0,48.0,50.0,52.0,54.0,56.0,58.0,60.0,62.0,64.0,66.0,68.0,70.0,72.0,74.0,76.0,78.0,80.0,82.0,84.0,86.0,88.0,90.0,92.0,94.0,96.0,98.0,100.0
2.0,4.0,6.0,8.0,10.0,12.0,14.0,16.0,18.0,20.0,22.0,24.0,26.0,28.0,30.0,32.0,34.0,36.0,38.0,40.0,42.0,44.0,46.0,48.0,50.0,52.0,54.0,56.0,58.0,60.0,62.0,64.0,66.0,68.0,70.0,72.0,74.0,76.0,78.0,80.0,82.0,84.0,86.0,88.0,90.0,92.0,94.0,96.0,98.0,100.0
2.0,4.0,6.0,8.0,10.0,12.0,14.0,16.0,18.0,20.0,22.0,24.0,26.0,28.0,30.0,32.0,34.0,36.0,38.0,40.0,42.0,44.0,46.0,48.0,50.0,52.0,54.0,56.0,58.0,60.0,62.0,64.0,66.0,68.0,70.0,72.0,74.0,76.0,78.0,80.0,82.0,84.0,86.0,88.0,90.0,92.0,94.0,96.0,98.0,100.0
2.0,4.0,6.0,8.0,10.0,12.0,14.0,16.0,18.0,20.0,22.0,24.0,26.0,28.0,30.0,32.0,34.0,36.0,38.0,40.0,42.0,44.0,46.0,48.0,50.0,52.0,54.0,56.0,58.0,60.0,62.0,64.0,66.0,68.0,70.0,72.0,74.0,76.0,78.0,80.0,82.0,84.0,86.0,88.0,90.0,92.0,94.0,96.0,98.0,100.0
2.0,4.0,6.0,8.0,10.0,12.0,14.0,16.0,18.0,20.0,22.0,24.0,26.0,28.0,30.0,32.0,34.0,36.0,38.0,40.0,42.0,44.0,46.0,48.0,50.0,52.0,54.0,56.0,58.0,60.0,62.0,64.0,66.0,68.0,70.0,72.0,74.0,76.0,78.0,80.0,82.0,84.0,86.0,88.0,90.0,92.0,94.0,96.0,98.0,100.0
2.0,4.0,6.0,8.0,10.0,12.0,14.0,16.0,18.0,20.0,22.0,24.0,26.0,28.0,30.0,32.0,34.0,36.0,38.0,40.0,42.0,44.0,46.0,48.0,50.0,52.0,54.0,56.0,58.0,60.0,62.0,64.0,66.0,68.0,70.0,72.0,74.0,76.0,78.0,80.0,82.0,84.0,86.0,88.0,90.0,92.0,94.0,96.0,98.0,100.0
2.0,4.0,6.0,8.0,10.0,12.0,14.0,16.0,18.0,20.0,22.0,24.0,26.0,28.0,30.0,32.0,34.0,36.0,38.0,40.0,42.0,44.0,46.0,48.0,50.0,52.0,54.0,56.0,58.0,60.0,62.0,64.0,66.0,68.0,70.0,72.0,74.0,76.0,78.0,80.0,82.0,84.0,86.0,88.0,90.0,92.0,94.0,96.0,98.0,100.0
2.0,4.0,6.0,8.0,10.0,12.0,14.0,16.0,18.0,20.0,22.0,24.0,26.0,28.0,30.0,32.0,34.0,36.0,38.0,40.0,42.0,44.0,46.0,48.0,50.0,52.0,54.0,56.0,58.0,60.0,62.0,64.0,66.0,68.0,70.0,72.0,74.0,76.0,78.0,80.0,82.0,84.0,86.0,88.0,90.0,92.0,94.0,96.0,98.0,100.0
2.0,4.0,6.0,8.0,10.0,12.0,14.0,16.0,18.0,20.0,22.0,24.0,26.0,28.0,30.0,32.0,34.0,36.0,38.0,40.0,42.0,44.0,46.0,48.0,50.0,52.0,54.0,56.0,58.0,60.0,62.0,64.0,66.0,68.0,70.0,72.0,74.0,76.0,78.0,80.0,82.0,84.0,86.0,88.0,90.0,92.0,94.0,96.0,98.0,100.0
2.0,4.0,6.0,8.0,10.0,12.0,14.0,16.0,18.0,20.0,22.0,24.0,26.0,28.0,30.0,32.0,34.0,36.0,38.0,40.0,42.0,44.0,46.0,48.0,50.0,52.0,54.0,56.0,58.0,60.0,62.0,64.0,66.0,68.0,70.0,72.0,74.0,76.0,78.0,80.0,82.0,84.0,86.0,88.0,90.0,92.0,94.0,96.0,98.0,100.0
2.0,4.0,6.0,8.0,10.0,12.0,14.0,16.0,18.0,20.0,22.0,24.0,26.0,28.0,30.0,32.0,34.0,36.0,38.0,40.0,42.0,44.0,46.0,48.0,50.0,52.0,54.0,56.0,58.0,60.0,62.0,64.0,66.0,68.0,70.0,72.0,74.0,76.0,78.0,80.0,82.0,84.0,86.0,88.0,90.0,92.0,94.0,96.0,98.0,100.0
2.0,4.0,6.0,8.0,10.0,12.0,14.0,16.0,18.0,20.0,22.0,24.0,26.0,28.0,30.0,32.0,34.0,36.0,38.0,40.0,42.0,44.0,46.0,48.0,50.0,52.0,54.0,56.0,58.0,60.0,62.0,64.0,66.0,68.0,70.0,72.0,74.0,76.0,78.0,80.0,82.0,84.0,86.0,88.0,90.0,92.0,94.0,96.0,98.0,100.0
2.0,4.0,6.0,8.0,10.0,12.0,14.0,16.0,18.0,20.0,22.0,24.0,26.0,28.0,30.0,32.0,34.0,36.0,38.0,40.0,42.0,44.0,46.0,48.0,50.0,52.0,54.0,56.0,58.0,60.0,62.0,64.0,66.0,68.0,70.0,72.0,74.0,76.0,78.0,80.0,82.0,84.0,86.0,88.0,90.0,92.0,94.0,96.0,98.0,100.0
2.0,4.0,6.0,8.0,10.0,12.0,14.0,16.0,18.0,20.0,22.0,24.0,26.0,28.0,30.0,32.0,34.0,36.0,38.0,40.0,42.0,44.0,46.0,48.0,50.0,52.0,54.0,56.0,58.0,60.0,62.0,64.0,66.0,68.0,70.0,72.0,74.0,76.0,78.0,80.0,82.0,84.0,86.0,88.0,90.0,92.0,94.0,96.0,98.0,100.0
2.0,4.0,6.0,8.0,10.0,12.0,14.0,16.0,18.0,20.0,22.0,24.0,26.0,28.0,30.0,32.0,34.0,36.0,38.0,40.0,42.0,44.0,46.0,48.0,50.0,52.0,54.0,56.0,58.0,60.0,62.0,64.0,66.0,68.0,70.0,72.0,74.0,76.0,78.0,80.0,82.0,84.0,86.0,88.0,90.0,92.0,94.0,96.0,98.0,100.0
2.0,4.0,6.0,8.0,10.0,12.0,14.0,16.0,18.0,20.0,22.0,24.0,26.0,28.0,30.0,32.0,34.0,36.0,38.0,40.0,42.0,44.0,46.0,48.0,50.0,52.0,54.0,56.0,58.0,60.0,62.0,64.0,66.0,68.0,70.0,72.0,74.0,76.0,78.0,80.0,82.0,84.0,86.0,88.0,90.0,92.0,94.0,96.0,98.0,100.0
2.0,4.0,6.0,8.0,10.0,12.0,14.0,16.0,18.0,20.0,22.0,24.0,26.0,28.0,30.0,32.0,34.0,36.0,38.0,40.0,42.0,44.0,46.0,48.0,50.0,52.0,54.0,56.0,58.0,60.0,62.0,64.0,66.0,68.0,70.0,72.0,74.0,76.0,78.0,80.0,82.0,84.0,86.0,88.0,90.0,92.0,94.0,96.0,98.0,100.0
2.0,4.0,6.0,8.0,10.0,12.0,14.0,16.0,18.0,20.0,22.0,24.0,26.0,28.0,30.0,32.0,34.0,36.0,38.0,40.0,42.0,44.0,46.0,48.0,50.0,52.0,54.0,56.0,58.0,60.0,62.0,64.0,66.0,68.0,70.0,72.0,74.0,76.0,78.0,80.0,82.0,84.0,86.0,88.0,90.0,92.0,94.0,96.0,98.0,100.0
2.0,4.0,6.0,8.0,10.0,12.0,14.0,16.0,18.0,20.0,22.0,24.0,26.0,28.0,30.0,32.0,34.0,36.0,38.0,40.0,42.0,44.0,46.0,48.0,50.0,52.0,54.0,56.0,58.0,60.0,62.0,64.0,66.0,68.0,70.0,72.0,74.0,76.0,78.0,80.0,82.0,84.0,86.0,88.0,90.0,92.0,94.0,96.0,98.0,100.0
2.0,4.0,6.0,8.0,10.0,12.0,14.0,16.0,18.0,20.0,22.0,24.0,26.0,28.0,30.0,32.0,34.0,36.0,38.0,40.0,42.0,44.0,46.0,48.0,50.0,52.0,54.0,56.0,58.0,60.0,62.0,64.0,66.0,68.0,70.0,72.0,74.0,76.0,78.0,80.0,82.0,84.0,86.0,88.0,90.0,92.0,94.0,96.0,98.0,100.0
2.0,4.0,6.0,8.0,10.0,12.0,14.0,16.0,18.0,20.0,22.0,24.0,26.0,28.0,30.0,32.0,34.0,36.0,38.0,40.0,42.0,44.0,46.0,48.0,50.0,52.0,54.0,56.0,58.0,60.0,62.0,64.0,66.0,68.0,70.0,72.0,74.0,76.0,78.0,80.0,82.0,84.0,86.0,88.0,90.0,92.0,94.0,96.0,98.0,100.0
2.0,4.0,6.0,8.0,10.0,12.0,14.0,16.0,18.0,20.0,22.0,24.0,26.0,28.0,30.0,32.0,34.0,36.0,38.0,40.0,42.0,44.0,46.0,48.0,50.0,52.0,54.0,56.0,58.0,60.0,62.0,64.0,66.0,68.0,70.0,72.0,74.0,76.0,78.0,80.0,82.0,84.0,86.0,88.0,90.0,92.0,94.0,96.0,98.0,100.0
2.0,4.0,6.0,8.0,10.0,12.0,14.0,16.0,18.0,20.0,22.0,24.0,26.0,28.0,30.0,32.0,34.0,36.0,38.0,40.0,42.0,44.0,46.0,48.0,50.0,52.0,54.0,56.0,58.0,60.0,62.0,64.0,66.0,68.0,70.0,72.0,74.0,76.0,78.0,80.0,82.0,84.0,86.0,88.0,90.0,92.0,94.0,96.0,98.0,100.0
2.0,4.0,6.0,8.0,10.0,12.0,14.0,16.0,18.0,20.0,22.0,24.0,26.0,28.0,30.0,32.0,34.0,36.0,38.0,40.0,42.0,44.0,46.0,48.0,50.0,52.0,54.0,56.0,58.0,60.0,62.0,64.0,66.0,68.0,70.0,72.0,74.0,76.0,78.0,80.0,82.0,84.0,86.0,88.0,90.0,92.0,94.0,96.0,98.0,100.0
2.0,4.0,6.0,8.0,10.0,12.0,14.0,16.0,18.0,20.0,22.0,24.0,26.0,28.0,30.0,32.0,34.0,36.0,38.0,40.0,42.0,44.0,46.0,48.0,50.0,52.0,54.0,56.0,58.0,60.0,62.0,64.0,66.0,68.0,70.0,72.0,74.0,76.0,78.0,80.0,82.0,84.0,86.0,88.0,90.0,92.0,94.0,96.0,98.0,100.0
2.0,4.0,6.0,8.0,10.0,12.0,14.0,16.0,18.0,20.0,22.0,24.0,26.0,28.0,30.0,32.0,34.0,36.0,38.0,40.0,42.0,44.0,46.0,48.0,50.0,52.0,54.0,56.0,58.0,60.0,62.0,64.0,66.0,68.0,70.0,72.0,74.0,76.0,78.0,80.0,82.0,84.0,86.0,88.0,90.0,92.0,94.0,96.0,98.0,100.0
2.0,4.0,6.0,8.0,10.0,12.0,14.0,16.0,18.0,20.0,22.0,24.0,26.0,28.0,30.0,32.0,34.0,36.0,38.0,40.0,42.0,44.0,46.0,48.0,50.0,52.0,54.0,56.0,58.0,60.0,62.0,64.0,66.0,68.0,70.0,72.0,74.0,76.0,78.0,80.0,82.0,84.0,86.0,88.0,90.0,92.0,94.0,96.0,98.0,100.0
2.0,4.0,6.0,8.0,10.0,12.0,14.0,16.0,18.0,20.0,22.0,24.0,26.0,28.0,30.0,32.0,34.0,36.0,38.0,40.0,42.0,44.0,46.0,48.0,50.0,52.0,54.0,56.0,58.0,60.0,62.0,64.0,66.0,68.0,70.0,72.0,74.0,76.0,78.0,80.0,82.0,84.0,86.0,88.0,90.0,92.0,94.0,96.0,98.0,100.0
2.0,4.0,6.0,8.0,10.0,12.0,14.0,16.0,18.0,20.0,22.0,24.0,26.0,28.0,30.0,32.0,34.0,36.0,38.0,40.0,42.0,44.0,46.0,48.0,50.0,52.0,54.0,56.0,58.0,60.0,62.0,64.0,66.0,68.0,70.0,72.0,74.0,76.0,78.0,80.0,82.0,84.0,86.0,88.0,90.0,92.0,94.0,96.0,98.0,100.0
2.0,4.0,6.0,8.0,10.0,12.0,14.0,16.0,18.0,20.0,22.0,24.0,26.0,28.0,30.0,32.0,34.0,36.0,38.0,40.0,42.0,44.0,46.0,48.0,50.0,52.0,54.0,56.0,58.0,60.0,62.0,64.0,66.0,68.0,70.0,72.0,74.0,76.0,78.0,80.0,82.0,84.0,86.0,88.0,90.0,92.0,94.0,96.0,98.0,100.0
2.0,4.0,6.0,8.0,10.0,12.0,14.0,16.0,18.0,20.0,22.0,24.0,26.0,28.0,30.0,32.0,34.0,36.0,38.0,40.0,42.0,44.0,46.0,48.0,50.0,52.0,54.0,56.0,58.0,60.0,62.0,64.0,66.0,68.0,70.0,72.0,74.0,76.0,78.0,80.0,82.0,84.0,86.0,88.0,90.0,92.0,94.0,96.0,98.0,100.0
2.0,4.0,6.0,8.0,10.0,12.0,14.0,16.0,18.0,20.0,22.0,24.0,26.0,28.0,30.0,32.0,34.0,36.0,38.0,40.0,42.0,44.0,46.0,48.0,50.0,52.0,54.0,56.0,58.0,60.0,62.0,64.0,66.0,68.0,70.0,72.0,74.0,76.0,78.0,80.0,82.0,84.0,86.0,88.0,90.0,92.0,94.0,96.0,98.0,100.0
2.0,4.0,6.0,8.0,10.0,12.0,14.0,16.0,18.0,20.0,22.0,24.0,26.0,28.0,30.0,32.0,34.0,36.0,38.0,40.0,42.0,44.0,46.0,48.0,50.0,52.0,54.0,56.0,58.0,60.0,62.0,64.0,66.0,68.0,70.0,72.0,74.0,76.0,78.0,80.0,82.0,84.0,86.0,88.0,90.0,92.0,94.0,96.0,98.0,100.0
2.0,4.0,6.0,8.0,10.0,12.0,14.0,16.0,18.0,20.0,22.0,24.0,26.0,28.0,30.0,32.0,34.0,36.0,38.0,40.0,42.0,44.0,46.0,48.0,50.0,52.0,54.0,56.0,58.0,60.0,62.0,64.0,66.0,68.0,70.0,72.0,74.0,76.0,78.0,80.0,82.0,84.0,86.0,88.0,90.0,92.0,94.0,96.0,98.0,100.0
2.0,4.0,6.0,8.0,10.0,12.0,14.0,16.0,18.0,20.0,22.0,24.0,26.0,28.0,30.0,32.0,34.0,36.0,38.0,40.0,42.0,44.0,46.0,48.0,50.0,52.0,54.0,56.0,58.0,60.0,62.0,64.0,66.0,68.0,70.0,72.0,74.0,76.0,78.0,80.0,82.0,84.0,86.0,88.0,90.0,92.0,94.0,96.0,98.0,100.0
2.0,4.0,6.0,8.0,10.0,12.0,14.0,16.0,18.0,20.0,22.0,24.0,26.0,28.0,30.0,32.0,34.0,36.0,38.0,40.0,42.0,44.0,46.0,48.0,50.0,52.0,54.0,56.0,58.0,60.0,62.0,64.0,66.0,68.0,70.0,72.0,74.0,76.0,78.0,80.0,82.0,84.0,86.0,88.0,90.0,92.0,94.0,96.0,98.0,100.0
2.0,4.0,6.0,8.0,10.0,12.0,14.0,16.0,18.0,20.0,22.0,24.0,26.0,28.0,30.0,32.0,34.0,36.0,38.0,40.0,42.0,44.0,46.0,48.0,50.0,52.0,54.0,56.0,58.0,60.0,62.0,64.0,66.0,68.0,70.0,72.0,74.0,76.0,78.0,80.0,82.0,84.0,86.0,88.0,90.0,92.0,94.0,96.0,98.0,100.0
2.0,4.0,6.0,8.0,10.0,12.0,14.0,16.0,18.0,20.0,22.0,24.0,26.0,28.0,30.0,32.0,34.0,36.0,38.0,40.0,42.0,44.0,46.0,48.0,50.0,52.0,54.0,56.0,58.0,60.0,62.0,64.0,66.0,68.0,70.0,72.0,74.0,76.0,78.0,80.0,82.0,84.0,86.0,88.0,90.0,92.0,94.0,96.0,98.0,100.0
starting cell matrix
"1",Point(1.2001285942572741,8.830514073743688),0.8275148844731834,0,0,"Alive",0
"2",Point(5.569898195017126,4.2307762706148235),0.9896918345898886,0,0,"Alive",0
"3",Point(2.1234042967651323,1.589054028193837),1.0332678700030682,0,0,"Alive",0
"4",Point(2.421158684408054,6.208764039512104),0.7539948185452983,0,0,"Alive",0
"5",Point(8.290527218078378,1.6957116915302088),0.8290953344392251,0,0,"Alive",0
"6",Point(7.179053473253132,7.154443534361275),1.033651388616273,0,0,"Alive",0
"7",Point(3.567945477201877,7.961963026370217),1.0078381078398102,0,0,"Alive",0
"8",Point(7.703883400339883,4.227690836538271),1.125310007005382,0,0,"Alive",0
"9",Point(1.3996077027624314,3.8931631852457853),1.0330190125596594,0,0,"Alive",0
"10",Point(4.469425881080094,2.096950158784577),1.0198713624148457,0,0,"Alive",0
subsequent cell matrices
"1",Point(1.2001285942572741,8.830514073743688),0.8275148844731834,0,0,"Alive",0
"2",Point(5.569898195017126,4.2307762706148235),0.9896918345898886,0,0,"Alive",0
"3",Point(2.3522272287483763,1.5858275160309354),1.0332678700030682,-0.014099541182605287,0,"Alive",0
"4",Point(2.421158684408054,6.208764039512104),0.7539948185452983,0,0,"Alive",0
"5",Point(8.290527218078378,1.6957116915302088),0.8290953344392251,0,0,"Alive",0
"6",Point(7.179053473253132,7.154443534361275),1.033651388616273,0,0,"Alive",0
"7",Point(3.567945477201877,7.961963026370217),1.0078381078398102,0,0,"Alive",0
"8",Point(7.703883400339883,4.227690836538271),1.125310007005382,0,0,"Alive",0
"9",Point(1.3996077027624314,3.8931631852457853),1.0330190125596594,0,0,"Alive",0
"10",Point(4.469425881080094,2.096950158784577),1.0198713624148457,0,0,"Alive",0
"1",Point(1.2001285942572741,8.830514073743688),0.8275148844731834,0,0,"Alive",0
"2",Point(5.569898195017126,4.2307762706148235),0.9896918345898886,0,0,"Alive",0
"3",Point(2.3522272287483763,1.5858275160309354),1.0332678700030682,-0.014099541182605287,0,"Alive",0
"4",Point(2.421158684408054,6.208764039512104),0.7539948185452983,0,0,"Alive",0
"5",Point(8.290527218078378,1.6957116915302088),0.8290953344392251,0,0,"Alive",0
"6",Point(7.179053473253132,7.154443534361275),1.033651388616273,0,0,"Alive",0
"7",Point(3.567945477201877,7.961963026370217),1.0078381078398102,0,0,"Alive",0
"8",Point(7.703883400339883,4.227690836538271),1.125310007005382,0,0,"Alive",0
"9",Point(1.3996077027624314,3.8931631852457853),1.0330190125596594,0,0,"Alive",0
"10",Point(4.953801908906847,2.0982098028774576),1.0198713624148457,0.0026005441659542098,0,"Alive",0
"1",Point(1.2001285942572741,8.830514073743688),0.8275148844731834,0,0,"Alive",0
"2",Point(5.569898195017126,4.2307762706148235),0.9896918345898886,0,0,"Alive",0
"3",Point(2.3522272287483763,1.5858275160309354),1.0332678700030682,-0.014099541182605287,0,"Alive",0
"4",Point(2.421158684408054,6.208764039512104),0.7539948185452983,0,0,"Alive",0
"5",Point(8.290527218078378,1.6957116915302088),0.8290953344392251,0,0,"Alive",0
"6",Point(7.179053473253132,7.154443534361275),1.033651388616273,0,0,"Alive",0
"7",Point(3.567945477201877,7.961963026370217),1.0078381078398102,0,0,"Alive",0
"8",Point(7.703883400339883,4.227690836538271),1.125310007005382,0,0,"Alive",0
"9",Point(1.3996077027624314,3.8931631852457853),1.0330190125596594,0,0,"Alive",0
"10",Point(5.390400243277291,2.0814598514412506),1.0198713624148457,-0.03834586523534587,0,"Alive",0
"1",Point(1.2001285942572741,8.830514073743688),0.8275148844731834,0,0,"Alive",0
"2",Point(5.569898195017126,4.2307762706148235),0.9896918345898886,0.0,0.0,"Alive",0
"3",Point(2.3522272287483763,1.5858275160309354),1.0332678700030682,-0.014099541182605287,0,"Alive",0
"4",Point(2.421158684408054,6.208764039512104),0.7539948185452983,0,0,"Alive",0
"5",Point(8.290527218078378,1.6957116915302088),0.8290953344392251,0,0,"Alive",0
"6",Point(7.179053473253132,7.154443534361275),1.033651388616273,0,0,"Alive",0
"7",Point(3.567945477201877,7.961963026370217),1.0078381078398102,0,0,"Alive",0
"8",Point(7.703883400339883,4.227690836538271),1.125310007005382,0,0,"Alive",0
"9",Point(1.3996077027624314,3.8931631852457853),1.0330190125596594,0,0,"Alive",0
"10",Point(5.390400243277291,2.0814598514412506),1.0198713624148457,-0.03834586523534587,0,"Alive",0
"1",Point(1.2001285942572741,8.830514073743688),0.8275148844731834,0,0,"Alive",0
"2",Point(5.569898195017126,4.2307762706148235),0.9896918345898886,0.0,0.0,"Alive",0
"3",Point(2.3522272287483763,1.5858275160309354),1.0332678700030682,-0.014099541182605287,0,"Alive",0
"4",Point(2.421158684408054,6.208764039512104),0.7539948185452983,0,0,"Alive",0
"5",Point(8.290527218078378,1.6957116915302088),0.8290953344392251,0,0,"Alive",0
"6",Point(7.179053473253132,7.154443534361275),1.033651388616273,0,0,"Alive",0
"7",Point(3.567945477201877,7.961963026370217),1.0078381078398102,0,0,"Alive",0
"8",Point(7.703883400339883,4.227690836538271),1.125310007005382,0,0,"Alive",0
"9",Point(2.1405132478368367,3.8765580366271863),1.0330190125596594,-0.022408212939605876,0,"Alive",0
"10",Point(5.390400243277291,2.0814598514412506),1.0198713624148457,-0.03834586523534587,0,"Alive",0
"1",Point(1.2001285942572741,8.830514073743688),0.8275148844731834,0,0,"Alive",0
"2",Point(5.569898195017126,4.2307762706148235),0.9896918345898886,0.0,0.0,"Alive",0
"3",Point(2.3522272287483763,1.5858275160309354),1.0332678700030682,-0.014099541182605287,0,"Alive",0
"4",Point(2.421158684408054,6.208764039512104),0.7539948185452983,0,0,"Alive",0
"5",Point(8.290527218078378,1.6957116915302088),0.8290953344392251,0,0,"Alive",0
"6",Point(7.179053473253132,7.154443534361275),1.033651388616273,0,0,"Alive",0
"7",Point(3.567945477201877,7.961963026370217),1.0078381078398102,0,0,"Alive",0
"8",Point(7.703883400339883,4.227690836538271),1.125310007005382,0,0,"Alive",0
"9",Point(2.1405132478368367,3.8765580366271863),1.0330190125596594,-0.022408212939605876,0,"Alive",0
"10",Point(5.390400243277291,2.0814598514412506),1.0198713624148457,-0.03834586523534587,0,"Alive",0
"1",Point(1.2001285942572741,8.830514073743688),0.8275148844731834,0,0,"Alive",0
"2",Point(5.569898195017126,4.2307762706148235),0.9896918345898886,0.0,0.0,"Alive",0
"3",Point(2.3522272287483763,1.5858275160309354),1.0332678700030682,-0.014099541182605287,0,"Alive",0
"4",Point(2.421158684408054,6.208764039512104),0.7539948185452983,0,0,"Alive",0
"5",Point(8.290527218078378,1.6957116915302088),0.8290953344392251,0,0,"Alive",0
"6",Point(7.179053473253132,7.154443534361275),1.033651388616273,0,0,"Alive",0
"7",Point(3.567945477201877,7.961963026370217),1.0078381078398102,0,0,"Alive",0
"8",Point(7.830589698140468,4.234342267810966),1.125310007005382,0.052446734383974535,0,"Alive",0
"9",Point(2.1405132478368367,3.8765580366271863),1.0330190125596594,-0.022408212939605876,0,"Alive",0
"10",Point(5.390400243277291,2.0814598514412506),1.0198713624148457,-0.03834586523534587,0,"Alive",0
"1",Point(1.2001285942572741,8.830514073743688),0.8275148844731834,0,0,"Alive",0
"2",Point(5.569898195017126,4.2307762706148235),0.9896918345898886,0.0,0.0,"Alive",0
"3",Point(2.3522272287483763,1.5858275160309354),1.0332678700030682,-0.014099541182605287,0,"Alive",0
"4",Point(2.421158684408054,6.208764039512104),0.7539948185452983,0,0,"Alive",0
"5",Point(8.290527218078378,1.6957116915302088),0.8290953344392251,0,0,"Alive",0
"6",Point(7.179053473253132,7.154443534361275),1.033651388616273,0,0,"Alive",0
"7",Point(3.567945477201877,7.961963026370217),1.0078381078398102,0,0,"Alive",0
"8",Point(7.830589698140468,4.234342267810966),1.125310007005382,0.052446734383974535,0,"Alive",0
"9",Point(2.5404510270574847,3.9146029701782896),1.0330190125596594,0.09484173847231091,0,"Alive",0
"10",Point(5.390400243277291,2.0814598514412506),1.0198713624148457,-0.03834586523534587,0,"Alive",0
"1",Point(1.2001285942572741,8.830514073743688),0.8275148844731834,0,0,"Alive",0
"2",Point(5.569898195017126,4.2307762706148235),0.9896918345898886,0.0,0.0,"Alive",0
"3",Point(2.3522272287483763,1.5858275160309354),1.0332678700030682,-0.014099541182605287,0,"Alive",0
"4",Point(2.421158684408054,6.208764039512104),0.7539948185452983,0,0,"Alive",0
"5",Point(8.290527218078378,1.6957116915302088),0.8290953344392251,0,0,"Alive",0
"6",Point(7.878806442768491,7.134087639166725),1.033651388616273,-0.029081914673781968,0,"Alive",0
"7",Point(3.567945477201877,7.961963026370217),1.0078381078398102,0,0,"Alive",0
"8",Point(7.830589698140468,4.234342267810966),1.125310007005382,0.052446734383974535,0,"Alive",0
"9",Point(2.5404510270574847,3.9146029701782896),1.0330190125596594,0.09484173847231091,0,"Alive",0
"10",Point(5.390400243277291,2.0814598514412506),1.0198713624148457,-0.03834586523534587,0,"Alive",0
"1",Point(1.2001285942572741,8.830514073743688),0.8275148844731834,0,0,"Alive",0
"2",Point(5.569898195017126,4.2307762706148235),0.9896918345898886,0.0,0.0,"Alive",0
"3",Point(2.3522272287483763,1.5858275160309354),1.0332678700030682,-0.014099541182605287,0,"Alive",0
"4",Point(2.421158684408054,6.208764039512104),0.7539948185452983,0,0,"Alive",0
"5",Point(8.290527218078378,1.6957116915302088),0.8290953344392251,0,0,"Alive",0
"6",Point(7.878806442768491,7.134087639166725),1.033651388616273,-0.029081914673781968,0,"Alive",0
"7",Point(3.567945477201877,7.961963026370217),1.0078381078398102,0,0,"Alive",0
"8",Point(7.830589698140468,4.234342267810966),1.125310007005382,0.052446734383974535,0,"Alive",0
"9",Point(2.5404510270574847,3.9146029701782896),1.0330190125596594,0.09484173847231091,0,"Alive",0
"10",Point(5.466885833248378,2.0838398951282033),1.0198713624148457,0.03110750579130273,0,"Alive",0
"1",Point(1.2001285942572741,8.830514073743688),0.8275148844731834,0,0,"Alive",0
"2",Point(5.569898195017126,4.2307762706148235),0.9896918345898886,0.0,0.0,"Alive",0
"3",Point(2.3522272287483763,1.5858275160309354),1.0332678700030682,-0.014099541182605287,0,"Alive",0
"4",Point(2.421158684408054,6.208764039512104),0.7539948185452983,0,0,"Alive",0
"5",Point(8.290527218078378,1.6957116915302088),0.8290953344392251,0,0,"Alive",0
"6",Point(7.878806442768491,7.134087639166725),1.033651388616273,-0.029081914673781968,0,"Alive",0
"7",Point(3.567945477201877,7.961963026370217),1.0078381078398102,0,0,"Alive",0
"8",Point(7.830589698140468,4.234342267810966),1.125310007005382,0.052446734383974535,0,"Alive",0
"9",Point(2.5404510270574847,3.9146029701782896),1.0330190125596594,0.09484173847231091,0,"Alive",0
"10",Point(5.466885833248378,2.0838398951282033),1.0198713624148457,0.03110750579130273,0,"Alive",0
"1",Point(1.2001285942572741,8.830514073743688),0.8275148844731834,0,0,"Alive",0
"2",Point(5.569898195017126,4.2307762706148235),0.9896918345898886,0.0,0.0,"Alive",0
"3",Point(2.3522272287483763,1.5858275160309354),1.0332678700030682,-0.014099541182605287,0,"Alive",0
"4",Point(2.421158684408054,6.208764039512104),0.7539948185452983,0,0,"Alive",0
"5",Point(8.290527218078378,1.6957116915302088),0.8290953344392251,0,0,"Alive",0
"6",Point(7.878806442768491,7.134087639166725),1.033651388616273,-0.029081914673781968,0,"Alive",0
"7",Point(3.567945477201877,7.961963026370217),1.0078381078398102,0,0,"Alive",0
"8",Point(7.830589698140468,4.234342267810966),1.125310007005382,0.052446734383974535,0,"Alive",0
"9",Point(3.4178476070677126,3.868716734414738),1.0330190125596594,-0.05225056817751943,0,"Alive",0
"10",Point(5.466885833248378,2.0838398951282033),1.0198713624148457,0.03110750579130273,0,"Alive",0
"1",Point(1.2001285942572741,8.830514073743688),0.8275148844731834,0,0,"Alive",0
"2",Point(5.569898195017126,4.2307762706148235),0.9896918345898886,0.0,0.0,"Alive",0
"3",Point(2.3522272287483763,1.5858275160309354),1.0332678700030682,-0.014099541182605287,0,"Alive",0
"4",Point(2.421158684408054,6.208764039512104),0.7539948185452983,0,0,"Alive",0
"5",Point(8.290527218078378,1.6957116915302088),0.8290953344392251,0,0,"Alive",0
"6",Point(7.878806442768491,7.134087639166725),1.033651388616273,-0.029081914673781968,0,"Alive",0
"7",Point(3.567945477201877,7.961963026370217),1.0078381078398102,0,0,"Alive",0
"8",Point(7.830589698140468,4.234342267810966),1.125310007005382,0.052446734383974535,0,"Alive",0
"9",Point(3.4178476070677126,3.868716734414738),1.0330190125596594,-0.05225056817751943,0,"Alive",0
"10",Point(5.466885833248378,2.0838398951282033),1.0198713624148457,0.03110750579130273,0,"Alive",0
"1",Point(1.2001285942572741,8.830514073743688),0.8275148844731834,0,0,"Alive",0
"2",Point(5.569898195017126,4.2307762706148235),0.9896918345898886,0.0,0.0,"Alive",0
"3",Point(2.3522272287483763,1.5858275160309354),1.0332678700030682,-0.014099541182605287,0,"Alive",0
"4",Point(2.421158684408054,6.208764039512104),0.7539948185452983,0,0,"Alive",0
"5",Point(8.290527218078378,1.6957116915302088),0.8290953344392251,0,0,"Alive",0
"6",Point(8.838808135633602,7.213346932493855),1.033651388616273,0.08237479022142179,0,"Alive",0
"7",Point(3.567945477201877,7.961963026370217),1.0078381078398102,0,0,"Alive",0
"8",Point(7.830589698140468,4.234342267810966),1.125310007005382,0.052446734383974535,0,"Alive",0
"9",Point(3.4178476070677126,3.868716734414738),1.0330190125596594,-0.05225056817751943,0,"Alive",0
"10",Point(5.466885833248378,2.0838398951282033),1.0198713624148457,0.03110750579130273,0,"Alive",0
"1",Point(1.2001285942572741,8.830514073743688),0.8275148844731834,0,0,"Alive",0
"2",Point(5.569898195017126,4.2307762706148235),0.9896918345898886,0.0,0.0,"Alive",0
"3",Point(2.3522272287483763,1.5858275160309354),1.0332678700030682,-0.014099541182605287,0,"Alive",0
"4",Point(2.421158684408054,6.208764039512104),0.7539948185452983,0,0,"Alive",0
"5",Point(8.290527218078378,1.6957116915302088),0.8290953344392251,0,0,"Alive",0
"6",Point(8.838808135633602,7.213346932493855),1.033651388616273,0.08237479022142179,0,"Alive",0
"7",Point(3.567945477201877,7.961963026370217),1.0078381078398102,0,0,"Alive",0
"8",Point(7.830589698140468,4.234342267810966),1.125310007005382,0.052446734383974535,0,"Alive",0
"9",Point(3.4178476070677126,3.868716734414738),1.0330190125596594,-0.05225056817751943,0,"Alive",0
"10",Point(5.466885833248378,2.0838398951282033),1.0198713624148457,0.03110750579130273,0,"Alive",0
"1",Point(1.2001285942572741,8.830514073743688),0.8275148844731834,0,0,"Alive",0
"2",Point(5.569898195017126,4.2307762706148235),0.9896918345898886,0.0,0.0,"Alive",0
"3",Point(2.3522272287483763,1.5858275160309354),1.0332678700030682,-0.014099541182605287,0,"Alive",0
"4",Point(2.421158684408054,6.208764039512104),0.7539948185452983,0,0,"Alive",0
"5",Point(8.290527218078378,1.6957116915302088),0.8290953344392251,0,0,"Alive",0
"6",Point(8.838808135633602,7.213346932493855),1.033651388616273,0.08237479022142179,0,"Alive",0
"7",Point(3.567945477201877,7.961963026370217),1.0078381078398102,0,0,"Alive",0
"8",Point(8.493013842739096,4.283946642223071),1.125310007005382,0.07474360200789176,0,"Alive",0
"9",Point(3.4178476070677126,3.868716734414738),1.0330190125596594,-0.05225056817751943,0,"Alive",0
"10",Point(5.466885833248378,2.0838398951282033),1.0198713624148457,0.03110750579130273,0,"Alive",0
"1",Point(1.2001285942572741,8.830514073743688),0.8275148844731834,0,0,"Alive",0
"2",Point(5.569898195017126,4.2307762706148235),0.9896918345898886,0.0,0.0,"Alive",0
"3",Point(2.3522272287483763,1.5858275160309354),1.0332678700030682,-0.014099541182605287,0,"Alive",0
"4",Point(2.421158684408054,6.208764039512104),0.7539948185452983,0,0,"Alive",0
"5",Point(8.290527218078378,1.6957116915302088),0.8290953344392251,0,0,"Alive",0
"6",Point(8.838808135633602,7.213346932493855),1.033651388616273,0.08237479022142179,0,"Alive",0
"7",Point(3.567945477201877,7.961963026370217),1.0078381078398102,0,0,"Alive",0
"8",Point(8.764525394713766,4.2345738675575335),1.125310007005382,0.10004849981319781,0,"Alive",0
"9",Point(3.4178476070677126,3.868716734414738),1.0330190125596594,-0.05225056817751943,0,"Alive",0
"10",Point(5.466885833248378,2.0838398951282033),1.0198713624148457,0.03110750579130273,0,"Alive",0
"1",Point(1.2001285942572741,8.830514073743688),0.8275148844731834,0,0,"Alive",0
"2",Point(6.356637870138908,4.243014621214245),0.9896918345898886,0.015554527087896996,0.0,"Alive",0
"3",Point(2.3522272287483763,1.5858275160309354),1.0332678700030682,-0.014099541182605287,0,"Alive",0
"4",Point(2.421158684408054,6.208764039512104),0.7539948185452983,0,0,"Alive",0
"5",Point(8.290527218078378,1.6957116915302088),0.8290953344392251,0,0,"Alive",0
"6",Point(8.838808135633602,7.213346932493855),1.033651388616273,0.08237479022142179,0,"Alive",0
"7",Point(3.567945477201877,7.961963026370217),1.0078381078398102,0,0,"Alive",0
"8",Point(8.764525394713766,4.2345738675575335),1.125310007005382,0.10004849981319781,0,"Alive",0
"9",Point(3.4178476070677126,3.868716734414738),1.0330190125596594,-0.05225056817751943,0,"Alive",0
"10",Point(5.466885833248378,2.0838398951282033),1.0198713624148457,0.03110750579130273,0,"Alive",0
"1",Point(1.2001285942572741,8.830514073743688),0.8275148844731834,0,0,"Alive",0
"2",Point(6.356637870138908,4.243014621214245),0.9896918345898886,0.015554527087896996,0.0,"Alive",0
"3",Point(2.3522272287483763,1.5858275160309354),1.0332678700030682,-0.014099541182605287,0,"Alive",0
"4",Point(3.106393450690132,6.216764711672338),0.7539948185452983,0.011675281262532764,0,"Alive",0
"5",Point(8.290527218078378,1.6957116915302088),0.8290953344392251,0,0,"Alive",0
"6",Point(8.838808135633602,7.213346932493855),1.033651388616273,0.08237479022142179,0,"Alive",0
"7",Point(3.567945477201877,7.961963026370217),1.0078381078398102,0,0,"Alive",0
"8",Point(8.764525394713766,4.2345738675575335),1.125310007005382,0.10004849981319781,0,"Alive",0
"9",Point(3.4178476070677126,3.868716734414738),1.0330190125596594,-0.05225056817751943,0,"Alive",0
"10",Point(5.466885833248378,2.0838398951282033),1.0198713624148457,0.03110750579130273,0,"Alive",0
"1",Point(1.2001285942572741,8.830514073743688),0.8275148844731834,0,0,"Alive",0
"2",Point(6.356637870138908,4.243014621214245),0.9896918345898886,0.015554527087896996,0.0,"Alive",0
"3",Point(2.68271261992371,1.6108479935645559),1.0332678700030682,0.07556411958357137,0,"Alive",0
"4",Point(3.106393450690132,6.216764711672338),0.7539948185452983,0.011675281262532764,0,"Alive",0
"5",Point(8.290527218078378,1.6957116915302088),0.8290953344392251,0,0,"Alive",0
"6",Point(8.838808135633602,7.213346932493855),1.033651388616273,0.08237479022142179,0,"Alive",0
"7",Point(3.567945477201877,7.961963026370217),1.0078381078398102,0,0,"Alive",0
"8",Point(8.764525394713766,4.2345738675575335),1.125310007005382,0.10004849981319781,0,"Alive",0
"9",Point(3.4178476070677126,3.868716734414738),1.0330190125596594,-0.05225056817751943,0,"Alive",0
"10",Point(5.466885833248378,2.0838398951282033),1.0198713624148457,0.03110750579130273,0,"Alive",0
