time,diffusion rate
27 Jan 2015 05:22:15 PM,1.0
Number of cells,Speed of cells,Average cell radius,Number of timesteps,Width of environment,Height of environment,Probability of cell division,Probability of cell death
10.0,1.0,1.0,20.0,10.0,10.0,0.0,0.5
starting concentration map
2.0,4.0,6.0,8.0,10.0,12.0,14.0,16.0,18.0,20.0,22.0,24.0,26.0,28.0,30.0,32.0,34.0,36.0,38.0,40.0,42.0,44.0,46.0,48.0,50.0,52.0,54.0,56.0,58.0,60.0,62.0,64.0,66.0,68.0,70.0,72.0,74.0,76.0,78.0,80.0,82.0,84.0,86.0,88.0,90.0,92.0,94.0,96.0,98.0,100.0
2.0,4.0,6.0,8.0,10.0,12.0,14.0,16.0,18.0,20.0,22.0,24.0,26.0,28.0,30.0,32.0,34.0,36.0,38.0,40.0,42.0,44.0,46.0,48.0,50.0,52.0,54.0,56.0,58.0,60.0,62.0,64.0,66.0,68.0,70.0,72.0,74.0,76.0,78.0,80.0,82.0,84.0,86.0,88.0,90.0,92.0,94.0,96.0,98.0,100.0
2.0,4.0,6.0,8.0,10.0,12.0,14.0,16.0,18.0,20.0,22.0,24.0,26.0,28.0,30.0,32.0,34.0,36.0,38.0,40.0,42.0,44.0,46.0,48.0,50.0,52.0,54.0,56.0,58.0,60.0,62.0,64.0,66.0,68.0,70.0,72.0,74.0,76.0,78.0,80.0,82.0,84.0,86.0,88.0,90.0,92.0,94.0,96.0,98.0,100.0
2.0,4.0,6.0,8.0,10.0,12.0,14.0,16.0,18.0,20.0,22.0,24.0,26.0,28.0,30.0,32.0,34.0,36.0,38.0,40.0,42.0,44.0,46.0,48.0,50.0,52.0,54.0,56.0,58.0,60.0,62.0,64.0,66.0,68.0,70.0,72.0,74.0,76.0,78.0,80.0,82.0,84.0,86.0,88.0,90.0,92.0,94.0,96.0,98.0,100.0
2.0,4.0,6.0,8.0,10.0,12.0,14.0,16.0,18.0,20.0,22.0,24.0,26.0,28.0,30.0,32.0,34.0,36.0,38.0,40.0,42.0,44.0,46.0,48.0,50.0,52.0,54.0,56.0,58.0,60.0,62.0,64.0,66.0,68.0,70.0,72.0,74.0,76.0,78.0,80.0,82.0,84.0,86.0,88.0,90.0,92.0,94.0,96.0,98.0,100.0
2.0,4.0,6.0,8.0,10.0,12.0,14.0,16.0,18.0,20.0,22.0,24.0,26.0,28.0,30.0,32.0,34.0,36.0,38.0,40.0,42.0,44.0,46.0,48.0,50.0,52.0,54.0,56.0,58.0,60.0,62.0,64.0,66.0,68.0,70.0,72.0,74.0,76.0,78.0,80.0,82.0,84.0,86.0,88.0,90.0,92.0,94.0,96.0,98.0,100.0
2.0,4.0,6.0,8.0,10.0,12.0,14.0,16.0,18.0,20.0,22.0,24.0,26.0,28.0,30.0,32.0,34.0,36.0,38.0,40.0,42.0,44.0,46.0,48.0,50.0,52.0,54.0,56.0,58.0,60.0,62.0,64.0,66.0,68.0,70.0,72.0,74.0,76.0,78.0,80.0,82.0,84.0,86.0,88.0,90.0,92.0,94.0,96.0,98.0,100.0
2.0,4.0,6.0,8.0,10.0,12.0,14.0,16.0,18.0,20.0,22.0,24.0,26.0,28.0,30.0,32.0,34.0,36.0,38.0,40.0,42.0,44.0,46.0,48.0,50.0,52.0,54.0,56.0,58.0,60.0,62.0,64.0,66.0,68.0,70.0,72.0,74.0,76.0,78.0,80.0,82.0,84.0,86.0,88.0,90.0,92.0,94.0,96.0,98.0,100.0
2.0,4.0,6.0,8.0,10.0,12.0,14.0,16.0,18.0,20.0,22.0,24.0,26.0,28.0,30.0,32.0,34.0,36.0,38.0,40.0,42.0,44.0,46.0,48.0,50.0,52.0,54.0,56.0,58.0,60.0,62.0,64.0,66.0,68.0,70.0,72.0,74.0,76.0,78.0,80.0,82.0,84.0,86.0,88.0,90.0,92.0,94.0,96.0,98.0,100.0
2.0,4.0,6.0,8.0,10.0,12.0,14.0,16.0,18.0,20.0,22.0,24.0,26.0,28.0,30.0,32.0,34.0,36.0,38.0,40.0,42.0,44.0,46.0,48.0,50.0,52.0,54.0,56.0,58.0,60.0,62.0,64.0,66.0,68.0,70.0,72.0,74.0,76.0,78.0,80.0,82.0,84.0,86.0,88.0,90.0,92.0,94.0,96.0,98.0,100.0
2.0,4.0,6.0,8.0,10.0,12.0,14.0,16.0,18.0,20.0,22.0,24.0,26.0,28.0,30.0,32.0,34.0,36.0,38.0,40.0,42.0,44.0,46.0,48.0,50.0,52.0,54.0,56.0,58.0,60.0,62.0,64.0,66.0,68.0,70.0,72.0,74.0,76.0,78.0,80.0,82.0,84.0,86.0,88.0,90.0,92.0,94.0,96.0,98.0,100.0
2.0,4.0,6.0,8.0,10.0,12.0,14.0,16.0,18.0,20.0,22.0,24.0,26.0,28.0,30.0,32.0,34.0,36.0,38.0,40.0,42.0,44.0,46.0,48.0,50.0,52.0,54.0,56.0,58.0,60.0,62.0,64.0,66.0,68.0,70.0,72.0,74.0,76.0,78.0,80.0,82.0,84.0,86.0,88.0,90.0,92.0,94.0,96.0,98.0,100.0
2.0,4.0,6.0,8.0,10.0,12.0,14.0,16.0,18.0,20.0,22.0,24.0,26.0,28.0,30.0,32.0,34.0,36.0,38.0,40.0,42.0,44.0,46.0,48.0,50.0,52.0,54.0,56.0,58.0,60.0,62.0,64.0,66.0,68.0,70.0,72.0,74.0,76.0,78.0,80.0,82.0,84.0,86.0,88.0,90.0,92.0,94.0,96.0,98.0,100.0
2.0,4.0,6.0,8.0,10.0,12.0,14.0,16.0,18.0,20.0,22.0,24.0,26.0,28.0,30.0,32.0,34.0,36.0,38.0,40.0,42.0,44.0,46.0,48.0,50.0,52.0,54.0,56.0,58.0,60.0,62.0,64.0,66.0,68.0,70.0,72.0,74.0,76.0,78.0,80.0,82.0,84.0,86.0,88.0,90.0,92.0,94.0,96.0,98.0,100.0
2.0,4.0,6.0,8.0,10.0,12.0,14.0,16.0,18.0,20.0,22.0,24.0,26.0,28.0,30.0,32.0,34.0,36.0,38.0,40.0,42.0,44.0,46.0,48.0,50.0,52.0,54.0,56.0,58.0,60.0,62.0,64.0,66.0,68.0,70.0,72.0,74.0,76.0,78.0,80.0,82.0,84.0,86.0,88.0,90.0,92.0,94.0,96.0,98.0,100.0
2.0,4.0,6.0,8.0,10.0,12.0,14.0,16.0,18.0,20.0,22.0,24.0,26.0,28.0,30.0,32.0,34.0,36.0,38.0,40.0,42.0,44.0,46.0,48.0,50.0,52.0,54.0,56.0,58.0,60.0,62.0,64.0,66.0,68.0,70.0,72.0,74.0,76.0,78.0,80.0,82.0,84.0,86.0,88.0,90.0,92.0,94.0,96.0,98.0,100.0
2.0,4.0,6.0,8.0,10.0,12.0,14.0,16.0,18.0,20.0,22.0,24.0,26.0,28.0,30.0,32.0,34.0,36.0,38.0,40.0,42.0,44.0,46.0,48.0,50.0,52.0,54.0,56.0,58.0,60.0,62.0,64.0,66.0,68.0,70.0,72.0,74.0,76.0,78.0,80.0,82.0,84.0,86.0,88.0,90.0,92.0,94.0,96.0,98.0,100.0
2.0,4.0,6.0,8.0,10.0,12.0,14.0,16.0,18.0,20.0,22.0,24.0,26.0,28.0,30.0,32.0,34.0,36.0,38.0,40.0,42.0,44.0,46.0,48.0,50.0,52.0,54.0,56.0,58.0,60.0,62.0,64.0,66.0,68.0,70.0,72.0,74.0,76.0,78.0,80.0,82.0,84.0,86.0,88.0,90.0,92.0,94.0,96.0,98.0,100.0
2.0,4.0,6.0,8.0,10.0,12.0,14.0,16.0,18.0,20.0,22.0,24.0,26.0,28.0,30.0,32.0,34.0,36.0,38.0,40.0,42.0,44.0,46.0,48.0,50.0,52.0,54.0,56.0,58.0,60.0,62.0,64.0,66.0,68.0,70.0,72.0,74.0,76.0,78.0,80.0,82.0,84.0,86.0,88.0,90.0,92.0,94.0,96.0,98.0,100.0
2.0,4.0,6.0,8.0,10.0,12.0,14.0,16.0,18.0,20.0,22.0,24.0,26.0,28.0,30.0,32.0,34.0,36.0,38.0,40.0,42.0,44.0,46.0,48.0,50.0,52.0,54.0,56.0,58.0,60.0,62.0,64.0,66.0,68.0,70.0,72.0,74.0,76.0,78.0,80.0,82.0,84.0,86.0,88.0,90.0,92.0,94.0,96.0,98.0,100.0
2.0,4.0,6.0,8.0,10.0,12.0,14.0,16.0,18.0,20.0,22.0,24.0,26.0,28.0,30.0,32.0,34.0,36.0,38.0,40.0,42.0,44.0,46.0,48.0,50.0,52.0,54.0,56.0,58.0,60.0,62.0,64.0,66.0,68.0,70.0,72.0,74.0,76.0,78.0,80.0,82.0,84.0,86.0,88.0,90.0,92.0,94.0,96.0,98.0,100.0
2.0,4.0,6.0,8.0,10.0,12.0,14.0,16.0,18.0,20.0,22.0,24.0,26.0,28.0,30.0,32.0,34.0,36.0,38.0,40.0,42.0,44.0,46.0,48.0,50.0,52.0,54.0,56.0,58.0,60.0,62.0,64.0,66.0,68.0,70.0,72.0,74.0,76.0,78.0,80.0,82.0,84.0,86.0,88.0,90.0,92.0,94.0,96.0,98.0,100.0
2.0,4.0,6.0,8.0,10.0,12.0,14.0,16.0,18.0,20.0,22.0,24.0,26.0,28.0,30.0,32.0,34.0,36.0,38.0,40.0,42.0,44.0,46.0,48.0,50.0,52.0,54.0,56.0,58.0,60.0,62.0,64.0,66.0,68.0,70.0,72.0,74.0,76.0,78.0,80.0,82.0,84.0,86.0,88.0,90.0,92.0,94.0,96.0,98.0,100.0
2.0,4.0,6.0,8.0,10.0,12.0,14.0,16.0,18.0,20.0,22.0,24.0,26.0,28.0,30.0,32.0,34.0,36.0,38.0,40.0,42.0,44.0,46.0,48.0,50.0,52.0,54.0,56.0,58.0,60.0,62.0,64.0,66.0,68.0,70.0,72.0,74.0,76.0,78.0,80.0,82.0,84.0,86.0,88.0,90.0,92.0,94.0,96.0,98.0,100.0
2.0,4.0,6.0,8.0,10.0,12.0,14.0,16.0,18.0,20.0,22.0,24.0,26.0,28.0,30.0,32.0,34.0,36.0,38.0,40.0,42.0,44.0,46.0,48.0,50.0,52.0,54.0,56.0,58.0,60.0,62.0,64.0,66.0,68.0,70.0,72.0,74.0,76.0,78.0,80.0,82.0,84.0,86.0,88.0,90.0,92.0,94.0,96.0,98.0,100.0
2.0,4.0,6.0,8.0,10.0,12.0,14.0,16.0,18.0,20.0,22.0,24.0,26.0,28.0,30.0,32.0,34.0,36.0,38.0,40.0,42.0,44.0,46.0,48.0,50.0,52.0,54.0,56.0,58.0,60.0,62.0,64.0,66.0,68.0,70.0,72.0,74.0,76.0,78.0,80.0,82.0,84.0,86.0,88.0,90.0,92.0,94.0,96.0,98.0,100.0
2.0,4.0,6.0,8.0,10.0,12.0,14.0,16.0,18.0,20.0,22.0,24.0,26.0,28.0,30.0,32.0,34.0,36.0,38.0,40.0,42.0,44.0,46.0,48.0,50.0,52.0,54.0,56.0,58.0,60.0,62.0,64.0,66.0,68.0,70.0,72.0,74.0,76.0,78.0,80.0,82.0,84.0,86.0,88.0,90.0,92.0,94.0,96.0,98.0,100.0
2.0,4.0,6.0,8.0,10.0,12.0,14.0,16.0,18.0,20.0,22.0,24.0,26.0,28.0,30.0,32.0,34.0,36.0,38.0,40.0,42.0,44.0,46.0,48.0,50.0,52.0,54.0,56.0,58.0,60.0,62.0,64.0,66.0,68.0,70.0,72.0,74.0,76.0,78.0,80.0,82.0,84.0,86.0,88.0,90.0,92.0,94.0,96.0,98.0,100.0
2.0,4.0,6.0,8.0,10.0,12.0,14.0,16.0,18.0,20.0,22.0,24.0,26.0,28.0,30.0,32.0,34.0,36.0,38.0,40.0,42.0,44.0,46.0,48.0,50.0,52.0,54.0,56.0,58.0,60.0,62.0,64.0,66.0,68.0,70.0,72.0,74.0,76.0,78.0,80.0,82.0,84.0,86.0,88.0,90.0,92.0,94.0,96.0,98.0,100.0
2.0,4.0,6.0,8.0,10.0,12.0,14.0,16.0,18.0,20.0,22.0,24.0,26.0,28.0,30.0,32.0,34.0,36.0,38.0,40.0,42.0,44.0,46.0,48.0,50.0,52.0,54.0,56.0,58.0,60.0,62.0,64.0,66.0,68.0,70.0,72.0,74.0,76.0,78.0,80.0,82.0,84.0,86.0,88.0,90.0,92.0,94.0,96.0,98.0,100.0
2.0,4.0,6.0,8.0,10.0,12.0,14.0,16.0,18.0,20.0,22.0,24.0,26.0,28.0,30.0,32.0,34.0,36.0,38.0,40.0,42.0,44.0,46.0,48.0,50.0,52.0,54.0,56.0,58.0,60.0,62.0,64.0,66.0,68.0,70.0,72.0,74.0,76.0,78.0,80.0,82.0,84.0,86.0,88.0,90.0,92.0,94.0,96.0,98.0,100.0
2.0,4.0,6.0,8.0,10.0,12.0,14.0,16.0,18.0,20.0,22.0,24.0,26.0,28.0,30.0,32.0,34.0,36.0,38.0,40.0,42.0,44.0,46.0,48.0,50.0,52.0,54.0,56.0,58.0,60.0,62.0,64.0,66.0,68.0,70.0,72.0,74.0,76.0,78.0,80.0,82.0,84.0,86.0,88.0,90.0,92.0,94.0,96.0,98.0,100.0
2.0,4.0,6.0,8.0,10.0,12.0,14.0,16.0,18.0,20.0,22.0,24.0,26.0,28.0,30.0,32.0,34.0,36.0,38.0,40.0,42.0,44.0,46.0,48.0,50.0,52.0,54.0,56.0,58.0,60.0,62.0,64.0,66.0,68.0,70.0,72.0,74.0,76.0,78.0,80.0,82.0,84.0,86.0,88.0,90.0,92.0,94.0,96.0,98.0,100.0
2.0,4.0,6.0,8.0,10.0,12.0,14.0,16.0,18.0,20.0,22.0,24.0,26.0,28.0,30.0,32.0,34.0,36.0,38.0,40.0,42.0,44.0,46.0,48.0,50.0,52.0,54.0,56.0,58.0,60.0,62.0,64.0,66.0,68.0,70.0,72.0,74.0,76.0,78.0,80.0,82.0,84.0,86.0,88.0,90.0,92.0,94.0,96.0,98.0,100.0
2.0,4.0,6.0,8.0,10.0,12.0,14.0,16.0,18.0,20.0,22.0,24.0,26.0,28.0,30.0,32.0,34.0,36.0,38.0,40.0,42.0,44.0,46.0,48.0,50.0,52.0,54.0,56.0,58.0,60.0,62.0,64.0,66.0,68.0,70.0,72.0,74.0,76.0,78.0,80.0,82.0,84.0,86.0,88.0,90.0,92.0,94.0,96.0,98.0,100.0
2.0,4.0,6.0,8.0,10.0,12.0,14.0,16.0,18.0,20.0,22.0,24.0,26.0,28.0,30.0,32.0,34.0,36.0,38.0,40.0,42.0,44.0,46.0,48.0,50.0,52.0,54.0,56.0,58.0,60.0,62.0,64.0,66.0,68.0,70.0,72.0,74.0,76.0,78.0,80.0,82.0,84.0,86.0,88.0,90.0,92.0,94.0,96.0,98.0,100.0
2.0,4.0,6.0,8.0,10.0,12.0,14.0,16.0,18.0,20.0,22.0,24.0,26.0,28.0,30.0,32.0,34.0,36.0,38.0,40.0,42.0,44.0,46.0,48.0,50.0,52.0,54.0,56.0,58.0,60.0,62.0,64.0,66.0,68.0,70.0,72.0,74.0,76.0,78.0,80.0,82.0,84.0,86.0,88.0,90.0,92.0,94.0,96.0,98.0,100.0
2.0,4.0,6.0,8.0,10.0,12.0,14.0,16.0,18.0,20.0,22.0,24.0,26.0,28.0,30.0,32.0,34.0,36.0,38.0,40.0,42.0,44.0,46.0,48.0,50.0,52.0,54.0,56.0,58.0,60.0,62.0,64.0,66.0,68.0,70.0,72.0,74.0,76.0,78.0,80.0,82.0,84.0,86.0,88.0,90.0,92.0,94.0,96.0,98.0,100.0
2.0,4.0,6.0,8.0,10.0,12.0,14.0,16.0,18.0,20.0,22.0,24.0,26.0,28.0,30.0,32.0,34.0,36.0,38.0,40.0,42.0,44.0,46.0,48.0,50.0,52.0,54.0,56.0,58.0,60.0,62.0,64.0,66.0,68.0,70.0,72.0,74.0,76.0,78.0,80.0,82.0,84.0,86.0,88.0,90.0,92.0,94.0,96.0,98.0,100.0
2.0,4.0,6.0,8.0,10.0,12.0,14.0,16.0,18.0,20.0,22.0,24.0,26.0,28.0,30.0,32.0,34.0,36.0,38.0,40.0,42.0,44.0,46.0,48.0,50.0,52.0,54.0,56.0,58.0,60.0,62.0,64.0,66.0,68.0,70.0,72.0,74.0,76.0,78.0,80.0,82.0,84.0,86.0,88.0,90.0,92.0,94.0,96.0,98.0,100.0
2.0,4.0,6.0,8.0,10.0,12.0,14.0,16.0,18.0,20.0,22.0,24.0,26.0,28.0,30.0,32.0,34.0,36.0,38.0,40.0,42.0,44.0,46.0,48.0,50.0,52.0,54.0,56.0,58.0,60.0,62.0,64.0,66.0,68.0,70.0,72.0,74.0,76.0,78.0,80.0,82.0,84.0,86.0,88.0,90.0,92.0,94.0,96.0,98.0,100.0
2.0,4.0,6.0,8.0,10.0,12.0,14.0,16.0,18.0,20.0,22.0,24.0,26.0,28.0,30.0,32.0,34.0,36.0,38.0,40.0,42.0,44.0,46.0,48.0,50.0,52.0,54.0,56.0,58.0,60.0,62.0,64.0,66.0,68.0,70.0,72.0,74.0,76.0,78.0,80.0,82.0,84.0,86.0,88.0,90.0,92.0,94.0,96.0,98.0,100.0
2.0,4.0,6.0,8.0,10.0,12.0,14.0,16.0,18.0,20.0,22.0,24.0,26.0,28.0,30.0,32.0,34.0,36.0,38.0,40.0,42.0,44.0,46.0,48.0,50.0,52.0,54.0,56.0,58.0,60.0,62.0,64.0,66.0,68.0,70.0,72.0,74.0,76.0,78.0,80.0,82.0,84.0,86.0,88.0,90.0,92.0,94.0,96.0,98.0,100.0
2.0,4.0,6.0,8.0,10.0,12.0,14.0,16.0,18.0,20.0,22.0,24.0,26.0,28.0,30.0,32.0,34.0,36.0,38.0,40.0,42.0,44.0,46.0,48.0,50.0,52.0,54.0,56.0,58.0,60.0,62.0,64.0,66.0,68.0,70.0,72.0,74.0,76.0,78.0,80.0,82.0,84.0,86.0,88.0,90.0,92.0,94.0,96.0,98.0,100.0
2.0,4.0,6.0,8.0,10.0,12.0,14.0,16.0,18.0,20.0,22.0,24.0,26.0,28.0,30.0,32.0,34.0,36.0,38.0,40.0,42.0,44.0,46.0,48.0,50.0,52.0,54.0,56.0,58.0,60.0,62.0,64.0,66.0,68.0,70.0,72.0,74.0,76.0,78.0,80.0,82.0,84.0,86.0,88.0,90.0,92.0,94.0,96.0,98.0,100.0
2.0,4.0,6.0,8.0,10.0,12.0,14.0,16.0,18.0,20.0,22.0,24.0,26.0,28.0,30.0,32.0,34.0,36.0,38.0,40.0,42.0,44.0,46.0,48.0,50.0,52.0,54.0,56.0,58.0,60.0,62.0,64.0,66.0,68.0,70.0,72.0,74.0,76.0,78.0,80.0,82.0,84.0,86.0,88.0,90.0,92.0,94.0,96.0,98.0,100.0
2.0,4.0,6.0,8.0,10.0,12.0,14.0,16.0,18.0,20.0,22.0,24.0,26.0,28.0,30.0,32.0,34.0,36.0,38.0,40.0,42.0,44.0,46.0,48.0,50.0,52.0,54.0,56.0,58.0,60.0,62.0,64.0,66.0,68.0,70.0,72.0,74.0,76.0,78.0,80.0,82.0,84.0,86.0,88.0,90.0,92.0,94.0,96.0,98.0,100.0
2.0,4.0,6.0,8.0,10.0,12.0,14.0,16.0,18.0,20.0,22.0,24.0,26.0,28.0,30.0,32.0,34.0,36.0,38.0,40.0,42.0,44.0,46.0,48.0,50.0,52.0,54.0,56.0,58.0,60.0,62.0,64.0,66.0,68.0,70.0,72.0,74.0,76.0,78.0,80.0,82.0,84.0,86.0,88.0,90.0,92.0,94.0,96.0,98.0,100.0
2.0,4.0,6.0,8.0,10.0,12.0,14.0,16.0,18.0,20.0,22.0,24.0,26.0,28.0,30.0,32.0,34.0,36.0,38.0,40.0,42.0,44.0,46.0,48.0,50.0,52.0,54.0,56.0,58.0,60.0,62.0,64.0,66.0,68.0,70.0,72.0,74.0,76.0,78.0,80.0,82.0,84.0,86.0,88.0,90.0,92.0,94.0,96.0,98.0,100.0
2.0,4.0,6.0,8.0,10.0,12.0,14.0,16.0,18.0,20.0,22.0,24.0,26.0,28.0,30.0,32.0,34.0,36.0,38.0,40.0,42.0,44.0,46.0,48.0,50.0,52.0,54.0,56.0,58.0,60.0,62.0,64.0,66.0,68.0,70.0,72.0,74.0,76.0,78.0,80.0,82.0,84.0,86.0,88.0,90.0,92.0,94.0,96.0,98.0,100.0
starting cell matrix
"1",Point(1.4471992887003573,5.066179010587632),1.022274387080967,0,0,"Alive",0
"2",Point(6.971298732378307,9.107070419397386),0.8708678547421176,0,0,"Alive",0
"3",Point(1.084706883617586,7.459566972723701),1.0654984477769327,0,0,"Alive",0
"4",Point(4.964889587959811,6.327348758620012),0.9718542867497687,0,0,"Alive",0
"5",Point(7.718128425138331,5.646398354706778),1.1449670352841628,0,0,"Alive",0
"6",Point(4.382138080296627,1.3451070029915047),1.063311643102097,0,0,"Alive",0
"7",Point(7.593414503271303,1.7136416524901725),1.0448731621905947,0,0,"Alive",0
"8",Point(5.025009140830511,3.9619090728136577),1.2031259813913506,0,0,"Alive",0
"9",Point(2.741212749066153,3.2517159528495028),1.0445327204299382,0,0,"Alive",0
"10",Point(1.1823235239650158,1.604388476696745),1.0382506010440495,0,0,"Alive",0
subsequent cell matrices
"2",Point(6.971298732378307,9.107070419397386),0.8708678547421176,0,0,"Alive",0
"3",Point(1.084706883617586,7.459566972723701),1.0654984477769327,0,0,"Alive",0
"4",Point(4.964889587959811,6.327348758620012),0.9718542867497687,0,0,"Alive",0
"5",Point(7.718128425138331,5.646398354706778),1.1449670352841628,0,0,"Alive",0
"6",Point(4.382138080296627,1.3451070029915047),1.063311643102097,0,0,"Alive",0
"7",Point(7.593414503271303,1.7136416524901725),1.0448731621905947,0,0,"Alive",0
"8",Point(5.025009140830511,3.9619090728136577),1.2031259813913506,0,0,"Alive",0
"9",Point(2.741212749066153,3.2517159528495028),1.0445327204299382,0.0,0.0,"Alive",0
"10",Point(1.1823235239650158,1.604388476696745),1.0382506010440495,0,0,"Alive",0
"2",Point(6.971298732378307,9.107070419397386),0.8708678547421176,0,0,"Alive",0
"3",Point(1.084706883617586,7.459566972723701),1.0654984477769327,0,0,"Alive",0
"4",Point(4.964889587959811,6.327348758620012),0.9718542867497687,0.0,0.0,"Alive",0
"5",Point(7.718128425138331,5.646398354706778),1.1449670352841628,0,0,"Alive",0
"6",Point(4.382138080296627,1.3451070029915047),1.063311643102097,0,0,"Alive",0
"7",Point(7.593414503271303,1.7136416524901725),1.0448731621905947,0,0,"Alive",0
"8",Point(5.025009140830511,3.9619090728136577),1.2031259813913506,0,0,"Alive",0
"9",Point(2.741212749066153,3.2517159528495028),1.0445327204299382,0.0,0.0,"Alive",0
"10",Point(1.1823235239650158,1.604388476696745),1.0382506010440495,0,0,"Alive",0
"2",Point(6.971298732378307,9.107070419397386),0.8708678547421176,0,0,"Alive",0
"3",Point(1.084706883617586,7.459566972723701),1.0654984477769327,0,0,"Alive",0
"4",Point(4.964889587959811,6.327348758620012),0.9718542867497687,0.0,0.0,"Alive",0
"5",Point(7.718128425138331,5.646398354706778),1.1449670352841628,0,0,"Alive",0
"6",Point(4.382138080296627,1.3451070029915047),1.063311643102097,0,0,"Alive",0
"7",Point(7.593414503271303,1.7136416524901725),1.0448731621905947,0,0,"Alive",0
"8",Point(5.025009140830511,3.9619090728136577),1.2031259813913506,0,0,"Alive",0
"9",Point(2.741212749066153,3.2517159528495028),1.0445327204299382,0.0,0.0,"Alive",0
"10",Point(1.1823235239650158,1.604388476696745),1.0382506010440495,0,0,"Alive",0
"2",Point(7.527591372916618,9.091804656336102),0.8708678547421176,-0.027435079417734674,0,"Alive",0
"3",Point(1.084706883617586,7.459566972723701),1.0654984477769327,0,0,"Alive",0
"4",Point(4.964889587959811,6.327348758620012),0.9718542867497687,0.0,0.0,"Alive",0
"5",Point(7.718128425138331,5.646398354706778),1.1449670352841628,0,0,"Alive",0
"6",Point(4.382138080296627,1.3451070029915047),1.063311643102097,0,0,"Alive",0
"7",Point(7.593414503271303,1.7136416524901725),1.0448731621905947,0,0,"Alive",0
"9",Point(2.741212749066153,3.2517159528495028),1.0445327204299382,0.0,0.0,"Alive",0
"10",Point(1.1823235239650158,1.604388476696745),1.0382506010440495,0,0,"Alive",0
"2",Point(7.527591372916618,9.091804656336102),0.8708678547421176,-0.027435079417734674,0,"Alive",0
"3",Point(1.084706883617586,7.459566972723701),1.0654984477769327,0,0,"Alive",0
"4",Point(5.626188664841692,6.2786916462783156),0.9718542867497687,-0.07344572617325014,0.0,"Alive",0
"5",Point(7.718128425138331,5.646398354706778),1.1449670352841628,0,0,"Alive",0
"6",Point(4.382138080296627,1.3451070029915047),1.063311643102097,0,0,"Alive",0
"7",Point(7.593414503271303,1.7136416524901725),1.0448731621905947,0,0,"Alive",0
"9",Point(2.741212749066153,3.2517159528495028),1.0445327204299382,0.0,0.0,"Alive",0
"10",Point(1.1823235239650158,1.604388476696745),1.0382506010440495,0,0,"Alive",0
"2",Point(7.527591372916618,9.091804656336102),0.8708678547421176,-0.027435079417734674,0,"Alive",0
"3",Point(1.084706883617586,7.459566972723701),1.0654984477769327,0,0,"Alive",0
"4",Point(5.626188664841692,6.2786916462783156),0.9718542867497687,0.0,0.0,"Alive",0
"5",Point(7.718128425138331,5.646398354706778),1.1449670352841628,0,0,"Alive",0
"6",Point(4.382138080296627,1.3451070029915047),1.063311643102097,0,0,"Alive",0
"7",Point(7.593414503271303,1.7136416524901725),1.0448731621905947,0,0,"Alive",0
"9",Point(2.741212749066153,3.2517159528495028),1.0445327204299382,0.0,0.0,"Alive",0
"10",Point(1.1823235239650158,1.604388476696745),1.0382506010440495,0,0,"Alive",0
"2",Point(7.527591372916618,9.091804656336102),0.8708678547421176,-0.027435079417734674,0,"Alive",0
"3",Point(1.084706883617586,7.459566972723701),1.0654984477769327,0,0,"Alive",0
"4",Point(5.626188664841692,6.2786916462783156),0.9718542867497687,0.0,0.0,"Alive",0
"5",Point(7.718128425138331,5.646398354706778),1.1449670352841628,0,0,"Alive",0
"6",Point(4.382138080296627,1.3451070029915047),1.063311643102097,0,0,"Alive",0
"7",Point(7.593414503271303,1.7136416524901725),1.0448731621905947,0,0,"Alive",0
"9",Point(2.741212749066153,3.2517159528495028),1.0445327204299382,0.0,0.0,"Alive",0
"10",Point(1.1823235239650158,1.604388476696745),1.0382506010440495,0,0,"Alive",0
"2",Point(7.527591372916618,9.091804656336102),0.8708678547421176,-0.027435079417734674,0,"Alive",0
"3",Point(1.084706883617586,7.459566972723701),1.0654984477769327,0,0,"Alive",0
"4",Point(5.626188664841692,6.2786916462783156),0.9718542867497687,0.0,0.0,"Alive",0
"5",Point(7.7651731573442015,5.64316625867383),1.1449670352841628,-0.06859482491420131,0,"Alive",0
"6",Point(4.382138080296627,1.3451070029915047),1.063311643102097,0,0,"Alive",0
"7",Point(7.593414503271303,1.7136416524901725),1.0448731621905947,0,0,"Alive",0
"9",Point(2.741212749066153,3.2517159528495028),1.0445327204299382,0.0,0.0,"Alive",0
"10",Point(1.1823235239650158,1.604388476696745),1.0382506010440495,0,0,"Alive",0
"2",Point(7.527591372916618,9.091804656336102),0.8708678547421176,-0.027435079417734674,0,"Alive",0
"3",Point(1.084706883617586,7.459566972723701),1.0654984477769327,0,0,"Alive",0
"4",Point(5.626188664841692,6.2786916462783156),0.9718542867497687,0.0,0.0,"Alive",0
"5",Point(7.7651731573442015,5.64316625867383),1.1449670352841628,-0.06859482491420131,0,"Alive",0
"6",Point(4.382138080296627,1.3451070029915047),1.063311643102097,0,0,"Alive",0
"7",Point(7.593414503271303,1.7136416524901725),1.0448731621905947,0,0,"Alive",0
"9",Point(2.741212749066153,3.2517159528495028),1.0445327204299382,0.0,0.0,"Alive",0
"10",Point(1.1823235239650158,1.604388476696745),1.0382506010440495,0,0,"Alive",0
"2",Point(7.527591372916618,9.091804656336102),0.8708678547421176,-0.027435079417734674,0,"Alive",0
"3",Point(1.084706883617586,7.459566972723701),1.0654984477769327,0,0,"Alive",0
"5",Point(7.7651731573442015,5.64316625867383),1.1449670352841628,-0.06859482491420131,0,"Alive",0
"6",Point(4.382138080296627,1.3451070029915047),1.063311643102097,0,0,"Alive",0
"7",Point(7.948800068959298,1.730742644640029),1.0448731621905947,0.04808245760057725,0,"Alive",0
"9",Point(2.741212749066153,3.2517159528495028),1.0445327204299382,0.0,0.0,"Alive",0
"10",Point(1.1823235239650158,1.604388476696745),1.0382506010440495,0,0,"Alive",0
"2",Point(7.649089839729731,9.096012533700987),0.8708678547421176,0.03461933550383728,0,"Alive",0
"3",Point(1.084706883617586,7.459566972723701),1.0654984477769327,0,0,"Alive",0
"5",Point(7.7651731573442015,5.64316625867383),1.1449670352841628,-0.06859482491420131,0,"Alive",0
"7",Point(7.948800068959298,1.730742644640029),1.0448731621905947,0.04808245760057725,0,"Alive",0
"9",Point(2.741212749066153,3.2517159528495028),1.0445327204299382,0.0,0.0,"Alive",0
"10",Point(1.1823235239650158,1.604388476696745),1.0382506010440495,0,0,"Alive",0
"2",Point(7.649089839729731,9.096012533700987),0.8708678547421176,0.03461933550383728,0,"Alive",0
"3",Point(1.1244203701587314,7.4636882455898625),1.0654984477769327,0.10340500690620148,0,"Alive",0
"5",Point(7.7651731573442015,5.64316625867383),1.1449670352841628,-0.06859482491420131,0,"Alive",0
"7",Point(7.948800068959298,1.730742644640029),1.0448731621905947,0.04808245760057725,0,"Alive",0
"9",Point(2.741212749066153,3.2517159528495028),1.0445327204299382,0.0,0.0,"Alive",0
"10",Point(1.1823235239650158,1.604388476696745),1.0382506010440495,0,0,"Alive",0
"2",Point(7.649089839729731,9.096012533700987),0.8708678547421176,0.03461933550383728,0,"Alive",0
"3",Point(1.6572691329391689,7.396773242351653),1.0654984477769327,-0.12492576387092377,0,"Alive",0
"5",Point(7.7651731573442015,5.64316625867383),1.1449670352841628,-0.06859482491420131,0,"Alive",0
"7",Point(7.948800068959298,1.730742644640029),1.0448731621905947,0.04808245760057725,0,"Alive",0
"9",Point(2.741212749066153,3.2517159528495028),1.0445327204299382,0.0,0.0,"Alive",0
"10",Point(1.1823235239650158,1.604388476696745),1.0382506010440495,0,0,"Alive",0
"2",Point(7.649089839729731,9.096012533700987),0.8708678547421176,0.03461933550383728,0,"Alive",0
"3",Point(1.8236917790713865,7.401842177142617),1.0654984477769327,0.030448789833716076,0,"Alive",0
"5",Point(7.7651731573442015,5.64316625867383),1.1449670352841628,-0.06859482491420131,0,"Alive",0
"7",Point(7.948800068959298,1.730742644640029),1.0448731621905947,0.04808245760057725,0,"Alive",0
"9",Point(2.741212749066153,3.2517159528495028),1.0445327204299382,0.0,0.0,"Alive",0
"10",Point(1.1823235239650158,1.604388476696745),1.0382506010440495,0,0,"Alive",0
"2",Point(7.649089839729731,9.096012533700987),0.8708678547421176,0.03461933550383728,0,"Alive",0
"3",Point(1.8236917790713865,7.401842177142617),1.0654984477769327,0.030448789833716076,0,"Alive",0
"5",Point(7.7651731573442015,5.64316625867383),1.1449670352841628,-0.06859482491420131,0,"Alive",0
"7",Point(7.948800068959298,1.730742644640029),1.0448731621905947,0.04808245760057725,0,"Alive",0
"9",Point(3.485141604388272,3.2443707588042567),1.0445327204299382,-0.009873195966675553,0.0,"Alive",0
"10",Point(1.1823235239650158,1.604388476696745),1.0382506010440495,0,0,"Alive",0
"3",Point(1.8236917790713865,7.401842177142617),1.0654984477769327,0.030448789833716076,0,"Alive",0
"5",Point(7.7651731573442015,5.64316625867383),1.1449670352841628,-0.06859482491420131,0,"Alive",0
"7",Point(8.91746941103335,1.6687405342866195),1.0448731621905947,-0.06392030984040117,0,"Alive",0
"9",Point(3.485141604388272,3.2443707588042567),1.0445327204299382,-0.009873195966675553,0.0,"Alive",0
"10",Point(1.1823235239650158,1.604388476696745),1.0382506010440495,0,0,"Alive",0
"3",Point(1.8236917790713865,7.401842177142617),1.0654984477769327,0.030448789833716076,0,"Alive",0
"5",Point(8.620748629078037,5.650480236043361),1.1449670352841628,0.008548397486547852,0,"Alive",0
"7",Point(8.91746941103335,1.6687405342866195),1.0448731621905947,-0.06392030984040117,0,"Alive",0
"9",Point(3.485141604388272,3.2443707588042567),1.0445327204299382,-0.009873195966675553,0.0,"Alive",0
"10",Point(1.1823235239650158,1.604388476696745),1.0382506010440495,0,0,"Alive",0
"3",Point(1.8236917790713865,7.401842177142617),1.0654984477769327,0.030448789833716076,0,"Alive",0
"5",Point(8.620748629078037,5.650480236043361),1.1449670352841628,0.008548397486547852,0,"Alive",0
"7",Point(8.91746941103335,1.6687405342866195),1.0448731621905947,-0.06392030984040117,0,"Alive",0
"9",Point(3.485141604388272,3.2443707588042567),1.0445327204299382,-0.009873195966675553,0.0,"Alive",0
"10",Point(1.5004315462006366,1.5971555769744066),1.0382506010440495,-0.02273332697188966,0,"Alive",0
"3",Point(1.8236917790713865,7.401842177142617),1.0654984477769327,0.030448789833716076,0,"Alive",0
"5",Point(8.620748629078037,5.650480236043361),1.1449670352841628,0.008548397486547852,0,"Alive",0
"7",Point(8.91746941103335,1.6687405342866195),1.0448731621905947,-0.06392030984040117,0,"Alive",0
"9",Point(3.696154674022311,3.256500056211195),1.0445327204299382,0.057418078716837594,0.0,"Alive",0
"10",Point(1.5004315462006366,1.5971555769744066),1.0382506010440495,-0.02273332697188966,0,"Alive",0
"3",Point(1.8236917790713865,7.401842177142617),1.0654984477769327,0.030448789833716076,0,"Alive",0
"5",Point(8.620748629078037,5.650480236043361),1.1449670352841628,0.008548397486547852,0,"Alive",0
"7",Point(8.933318651259262,1.6729223048494763),1.0448731621905947,-0.07020692136302806,0,"Alive",0
"9",Point(3.696154674022311,3.256500056211195),1.0445327204299382,0.057418078716837594,0.0,"Alive",0
"10",Point(1.5004315462006366,1.5971555769744066),1.0382506010440495,-0.02273332697188966,0,"Alive",0
