time,diffusion rate
27 Jan 2015 05:21:57 PM,1.0
Number of cells,Speed of cells,Average cell radius,Number of timesteps,Width of environment,Height of environment,Probability of cell division,Probability of cell death
10.0,1.0,1.0,20.0,10.0,10.0,0.0,0.0
starting concentration map
2.0,4.0,6.0,8.0,10.0,12.0,14.0,16.0,18.0,20.0,22.0,24.0,26.0,28.0,30.0,32.0,34.0,36.0,38.0,40.0,42.0,44.0,46.0,48.0,50.0,52.0,54.0,56.0,58.0,60.0,62.0,64.0,66.0,68.0,70.0,72.0,74.0,76.0,78.0,80.0,82.0,84.0,86.0,88.0,90.0,92.0,94.0,96.0,98.0,100.0
2.0,4.0,6.0,8.0,10.0,12.0,14.0,16.0,18.0,20.0,22.0,24.0,26.0,28.0,30.0,32.0,34.0,36.0,38.0,40.0,42.0,44.0,46.0,48.0,50.0,52.0,54.0,56.0,58.0,60.0,62.0,64.0,66.0,68.0,70.0,72.0,74.0,76.0,78.0,80.0,82.0,84.0,86.0,88.0,90.0,92.0,94.0,96.0,98.0,100.0
2.0,4.0,6.0,8.0,10.0,12.0,14.0,16.0,18.0,20.0,22.0,24.0,26.0,28.0,30.0,32.0,34.0,36.0,38.0,40.0,42.0,44.0,46.0,48.0,50.0,52.0,54.0,56.0,58.0,60.0,62.0,64.0,66.0,68.0,70.0,72.0,74.0,76.0,78.0,80.0,82.0,84.0,86.0,88.0,90.0,92.0,94.0,96.0,98.0,100.0
2.0,4.0,6.0,8.0,10.0,12.0,14.0,16.0,18.0,20.0,22.0,24.0,26.0,28.0,30.0,32.0,34.0,36.0,38.0,40.0,42.0,44.0,46.0,48.0,50.0,52.0,54.0,56.0,58.0,60.0,62.0,64.0,66.0,68.0,70.0,72.0,74.0,76.0,78.0,80.0,82.0,84.0,86.0,88.0,90.0,92.0,94.0,96.0,98.0,100.0
2.0,4.0,6.0,8.0,10.0,12.0,14.0,16.0,18.0,20.0,22.0,24.0,26.0,28.0,30.0,32.0,34.0,36.0,38.0,40.0,42.0,44.0,46.0,48.0,50.0,52.0,54.0,56.0,58.0,60.0,62.0,64.0,66.0,68.0,70.0,72.0,74.0,76.0,78.0,80.0,82.0,84.0,86.0,88.0,90.0,92.0,94.0,96.0,98.0,100.0
2.0,4.0,6.0,8.0,10.0,12.0,14.0,16.0,18.0,20.0,22.0,24.0,26.0,28.0,30.0,32.0,34.0,36.0,38.0,40.0,42.0,44.0,46.0,48.0,50.0,52.0,54.0,56.0,58.0,60.0,62.0,64.0,66.0,68.0,70.0,72.0,74.0,76.0,78.0,80.0,82.0,84.0,86.0,88.0,90.0,92.0,94.0,96.0,98.0,100.0
2.0,4.0,6.0,8.0,10.0,12.0,14.0,16.0,18.0,20.0,22.0,24.0,26.0,28.0,30.0,32.0,34.0,36.0,38.0,40.0,42.0,44.0,46.0,48.0,50.0,52.0,54.0,56.0,58.0,60.0,62.0,64.0,66.0,68.0,70.0,72.0,74.0,76.0,78.0,80.0,82.0,84.0,86.0,88.0,90.0,92.0,94.0,96.0,98.0,100.0
2.0,4.0,6.0,8.0,10.0,12.0,14.0,16.0,18.0,20.0,22.0,24.0,26.0,28.0,30.0,32.0,34.0,36.0,38.0,40.0,42.0,44.0,46.0,48.0,50.0,52.0,54.0,56.0,58.0,60.0,62.0,64.0,66.0,68.0,70.0,72.0,74.0,76.0,78.0,80.0,82.0,84.0,86.0,88.0,90.0,92.0,94.0,96.0,98.0,100.0
2.0,4.0,6.0,8.0,10.0,12.0,14.0,16.0,18.0,20.0,22.0,24.0,26.0,28.0,30.0,32.0,34.0,36.0,38.0,40.0,42.0,44.0,46.0,48.0,50.0,52.0,54.0,56.0,58.0,60.0,62.0,64.0,66.0,68.0,70.0,72.0,74.0,76.0,78.0,80.0,82.0,84.0,86.0,88.0,90.0,92.0,94.0,96.0,98.0,100.0
2.0,4.0,6.0,8.0,10.0,12.0,14.0,16.0,18.0,20.0,22.0,24.0,26.0,28.0,30.0,32.0,34.0,36.0,38.0,40.0,42.0,44.0,46.0,48.0,50.0,52.0,54.0,56.0,58.0,60.0,62.0,64.0,66.0,68.0,70.0,72.0,74.0,76.0,78.0,80.0,82.0,84.0,86.0,88.0,90.0,92.0,94.0,96.0,98.0,100.0
2.0,4.0,6.0,8.0,10.0,12.0,14.0,16.0,18.0,20.0,22.0,24.0,26.0,28.0,30.0,32.0,34.0,36.0,38.0,40.0,42.0,44.0,46.0,48.0,50.0,52.0,54.0,56.0,58.0,60.0,62.0,64.0,66.0,68.0,70.0,72.0,74.0,76.0,78.0,80.0,82.0,84.0,86.0,88.0,90.0,92.0,94.0,96.0,98.0,100.0
2.0,4.0,6.0,8.0,10.0,12.0,14.0,16.0,18.0,20.0,22.0,24.0,26.0,28.0,30.0,32.0,34.0,36.0,38.0,40.0,42.0,44.0,46.0,48.0,50.0,52.0,54.0,56.0,58.0,60.0,62.0,64.0,66.0,68.0,70.0,72.0,74.0,76.0,78.0,80.0,82.0,84.0,86.0,88.0,90.0,92.0,94.0,96.0,98.0,100.0
2.0,4.0,6.0,8.0,10.0,12.0,14.0,16.0,18.0,20.0,22.0,24.0,26.0,28.0,30.0,32.0,34.0,36.0,38.0,40.0,42.0,44.0,46.0,48.0,50.0,52.0,54.0,56.0,58.0,60.0,62.0,64.0,66.0,68.0,70.0,72.0,74.0,76.0,78.0,80.0,82.0,84.0,86.0,88.0,90.0,92.0,94.0,96.0,98.0,100.0
2.0,4.0,6.0,8.0,10.0,12.0,14.0,16.0,18.0,20.0,22.0,24.0,26.0,28.0,30.0,32.0,34.0,36.0,38.0,40.0,42.0,44.0,46.0,48.0,50.0,52.0,54.0,56.0,58.0,60.0,62.0,64.0,66.0,68.0,70.0,72.0,74.0,76.0,78.0,80.0,82.0,84.0,86.0,88.0,90.0,92.0,94.0,96.0,98.0,100.0
2.0,4.0,6.0,8.0,10.0,12.0,14.0,16.0,18.0,20.0,22.0,24.0,26.0,28.0,30.0,32.0,34.0,36.0,38.0,40.0,42.0,44.0,46.0,48.0,50.0,52.0,54.0,56.0,58.0,60.0,62.0,64.0,66.0,68.0,70.0,72.0,74.0,76.0,78.0,80.0,82.0,84.0,86.0,88.0,90.0,92.0,94.0,96.0,98.0,100.0
2.0,4.0,6.0,8.0,10.0,12.0,14.0,16.0,18.0,20.0,22.0,24.0,26.0,28.0,30.0,32.0,34.0,36.0,38.0,40.0,42.0,44.0,46.0,48.0,50.0,52.0,54.0,56.0,58.0,60.0,62.0,64.0,66.0,68.0,70.0,72.0,74.0,76.0,78.0,80.0,82.0,84.0,86.0,88.0,90.0,92.0,94.0,96.0,98.0,100.0
2.0,4.0,6.0,8.0,10.0,12.0,14.0,16.0,18.0,20.0,22.0,24.0,26.0,28.0,30.0,32.0,34.0,36.0,38.0,40.0,42.0,44.0,46.0,48.0,50.0,52.0,54.0,56.0,58.0,60.0,62.0,64.0,66.0,68.0,70.0,72.0,74.0,76.0,78.0,80.0,82.0,84.0,86.0,88.0,90.0,92.0,94.0,96.0,98.0,100.0
2.0,4.0,6.0,8.0,10.0,12.0,14.0,16.0,18.0,20.0,22.0,24.0,26.0,28.0,30.0,32.0,34.0,36.0,38.0,40.0,42.0,44.0,46.0,48.0,50.0,52.0,54.0,56.0,58.0,60.0,62.0,64.0,66.0,68.0,70.0,72.0,74.0,76.0,78.0,80.0,82.0,84.0,86.0,88.0,90.0,92.0,94.0,96.0,98.0,100.0
2.0,4.0,6.0,8.0,10.0,12.0,14.0,16.0,18.0,20.0,22.0,24.0,26.0,28.0,30.0,32.0,34.0,36.0,38.0,40.0,42.0,44.0,46.0,48.0,50.0,52.0,54.0,56.0,58.0,60.0,62.0,64.0,66.0,68.0,70.0,72.0,74.0,76.0,78.0,80.0,82.0,84.0,86.0,88.0,90.0,92.0,94.0,96.0,98.0,100.0
2.0,4.0,6.0,8.0,10.0,12.0,14.0,16.0,18.0,20.0,22.0,24.0,26.0,28.0,30.0,32.0,34.0,36.0,38.0,40.0,42.0,44.0,46.0,48.0,50.0,52.0,54.0,56.0,58.0,60.0,62.0,64.0,66.0,68.0,70.0,72.0,74.0,76.0,78.0,80.0,82.0,84.0,86.0,88.0,90.0,92.0,94.0,96.0,98.0,100.0
2.0,4.0,6.0,8.0,10.0,12.0,14.0,16.0,18.0,20.0,22.0,24.0,26.0,28.0,30.0,32.0,34.0,36.0,38.0,40.0,42.0,44.0,46.0,48.0,50.0,52.0,54.0,56.0,58.0,60.0,62.0,64.0,66.0,68.0,70.0,72.0,74.0,76.0,78.0,80.0,82.0,84.0,86.0,88.0,90.0,92.0,94.0,96.0,98.0,100.0
2.0,4.0,6.0,8.0,10.0,12.0,14.0,16.0,18.0,20.0,22.0,24.0,26.0,28.0,30.0,32.0,34.0,36.0,38.0,40.0,42.0,44.0,46.0,48.0,50.0,52.0,54.0,56.0,58.0,60.0,62.0,64.0,66.0,68.0,70.0,72.0,74.0,76.0,78.0,80.0,82.0,84.0,86.0,88.0,90.0,92.0,94.0,96.0,98.0,100.0
2.0,4.0,6.0,8.0,10.0,12.0,14.0,16.0,18.0,20.0,22.0,24.0,26.0,28.0,30.0,32.0,34.0,36.0,38.0,40.0,42.0,44.0,46.0,48.0,50.0,52.0,54.0,56.0,58.0,60.0,62.0,64.0,66.0,68.0,70.0,72.0,74.0,76.0,78.0,80.0,82.0,84.0,86.0,88.0,90.0,92.0,94.0,96.0,98.0,100.0
2.0,4.0,6.0,8.0,10.0,12.0,14.0,16.0,18.0,20.0,22.0,24.0,26.0,28.0,30.0,32.0,34.0,36.0,38.0,40.0,42.0,44.0,46.0,48.0,50.0,52.0,54.0,56.0,58.0,60.0,62.0,64.0,66.0,68.0,70.0,72.0,74.0,76.0,78.0,80.0,82.0,84.0,86.0,88.0,90.0,92.0,94.0,96.0,98.0,100.0
2.0,4.0,6.0,8.0,10.0,12.0,14.0,16.0,18.0,20.0,22.0,24.0,26.0,28.0,30.0,32.0,34.0,36.0,38.0,40.0,42.0,44.0,46.0,48.0,50.0,52.0,54.0,56.0,58.0,60.0,62.0,64.0,66.0,68.0,70.0,72.0,74.0,76.0,78.0,80.0,82.0,84.0,86.0,88.0,90.0,92.0,94.0,96.0,98.0,100.0
2.0,4.0,6.0,8.0,10.0,12.0,14.0,16.0,18.0,20.0,22.0,24.0,26.0,28.0,30.0,32.0,34.0,36.0,38.0,40.0,42.0,44.0,46.0,48.0,50.0,52.0,54.0,56.0,58.0,60.0,62.0,64.0,66.0,68.0,70.0,72.0,74.0,76.0,78.0,80.0,82.0,84.0,86.0,88.0,90.0,92.0,94.0,96.0,98.0,100.0
2.0,4.0,6.0,8.0,10.0,12.0,14.0,16.0,18.0,20.0,22.0,24.0,26.0,28.0,30.0,32.0,34.0,36.0,38.0,40.0,42.0,44.0,46.0,48.0,50.0,52.0,54.0,56.0,58.0,60.0,62.0,64.0,66.0,68.0,70.0,72.0,74.0,76.0,78.0,80.0,82.0,84.0,86.0,88.0,90.0,92.0,94.0,96.0,98.0,100.0
2.0,4.0,6.0,8.0,10.0,12.0,14.0,16.0,18.0,20.0,22.0,24.0,26.0,28.0,30.0,32.0,34.0,36.0,38.0,40.0,42.0,44.0,46.0,48.0,50.0,52.0,54.0,56.0,58.0,60.0,62.0,64.0,66.0,68.0,70.0,72.0,74.0,76.0,78.0,80.0,82.0,84.0,86.0,88.0,90.0,92.0,94.0,96.0,98.0,100.0
2.0,4.0,6.0,8.0,10.0,12.0,14.0,16.0,18.0,20.0,22.0,24.0,26.0,28.0,30.0,32.0,34.0,36.0,38.0,40.0,42.0,44.0,46.0,48.0,50.0,52.0,54.0,56.0,58.0,60.0,62.0,64.0,66.0,68.0,70.0,72.0,74.0,76.0,78.0,80.0,82.0,84.0,86.0,88.0,90.0,92.0,94.0,96.0,98.0,100.0
2.0,4.0,6.0,8.0,10.0,12.0,14.0,16.0,18.0,20.0,22.0,24.0,26.0,28.0,30.0,32.0,34.0,36.0,38.0,40.0,42.0,44.0,46.0,48.0,50.0,52.0,54.0,56.0,58.0,60.0,62.0,64.0,66.0,68.0,70.0,72.0,74.0,76.0,78.0,80.0,82.0,84.0,86.0,88.0,90.0,92.0,94.0,96.0,98.0,100.0
2.0,4.0,6.0,8.0,10.0,12.0,14.0,16.0,18.0,20.0,22.0,24.0,26.0,28.0,30.0,32.0,34.0,36.0,38.0,40.0,42.0,44.0,46.0,48.0,50.0,52.0,54.0,56.0,58.0,60.0,62.0,64.0,66.0,68.0,70.0,72.0,74.0,76.0,78.0,80.0,82.0,84.0,86.0,88.0,90.0,92.0,94.0,96.0,98.0,100.0
2.0,4.0,6.0,8.0,10.0,12.0,14.0,16.0,18.0,20.0,22.0,24.0,26.0,28.0,30.0,32.0,34.0,36.0,38.0,40.0,42.0,44.0,46.0,48.0,50.0,52.0,54.0,56.0,58.0,60.0,62.0,64.0,66.0,68.0,70.0,72.0,74.0,76.0,78.0,80.0,82.0,84.0,86.0,88.0,90.0,92.0,94.0,96.0,98.0,100.0
2.0,4.0,6.0,8.0,10.0,12.0,14.0,16.0,18.0,20.0,22.0,24.0,26.0,28.0,30.0,32.0,34.0,36.0,38.0,40.0,42.0,44.0,46.0,48.0,50.0,52.0,54.0,56.0,58.0,60.0,62.0,64.0,66.0,68.0,70.0,72.0,74.0,76.0,78.0,80.0,82.0,84.0,86.0,88.0,90.0,92.0,94.0,96.0,98.0,100.0
2.0,4.0,6.0,8.0,10.0,12.0,14.0,16.0,18.0,20.0,22.0,24.0,26.0,28.0,30.0,32.0,34.0,36.0,38.0,40.0,42.0,44.0,46.0,48.0,50.0,52.0,54.0,56.0,58.0,60.0,62.0,64.0,66.0,68.0,70.0,72.0,74.0,76.0,78.0,80.0,82.0,84.0,86.0,88.0,90.0,92.0,94.0,96.0,98.0,100.0
2.0,4.0,6.0,8.0,10.0,12.0,14.0,16.0,18.0,20.0,22.0,24.0,26.0,28.0,30.0,32.0,34.0,36.0,38.0,40.0,42.0,44.0,46.0,48.0,50.0,52.0,54.0,56.0,58.0,60.0,62.0,64.0,66.0,68.0,70.0,72.0,74.0,76.0,78.0,80.0,82.0,84.0,86.0,88.0,90.0,92.0,94.0,96.0,98.0,100.0
2.0,4.0,6.0,8.0,10.0,12.0,14.0,16.0,18.0,20.0,22.0,24.0,26.0,28.0,30.0,32.0,34.0,36.0,38.0,40.0,42.0,44.0,46.0,48.0,50.0,52.0,54.0,56.0,58.0,60.0,62.0,64.0,66.0,68.0,70.0,72.0,74.0,76.0,78.0,80.0,82.0,84.0,86.0,88.0,90.0,92.0,94.0,96.0,98.0,100.0
2.0,4.0,6.0,8.0,10.0,12.0,14.0,16.0,18.0,20.0,22.0,24.0,26.0,28.0,30.0,32.0,34.0,36.0,38.0,40.0,42.0,44.0,46.0,48.0,50.0,52.0,54.0,56.0,58.0,60.0,62.0,64.0,66.0,68.0,70.0,72.0,74.0,76.0,78.0,80.0,82.0,84.0,86.0,88.0,90.0,92.0,94.0,96.0,98.0,100.0
2.0,4.0,6.0,8.0,10.0,12.0,14.0,16.0,18.0,20.0,22.0,24.0,26.0,28.0,30.0,32.0,34.0,36.0,38.0,40.0,42.0,44.0,46.0,48.0,50.0,52.0,54.0,56.0,58.0,60.0,62.0,64.0,66.0,68.0,70.0,72.0,74.0,76.0,78.0,80.0,82.0,84.0,86.0,88.0,90.0,92.0,94.0,96.0,98.0,100.0
2.0,4.0,6.0,8.0,10.0,12.0,14.0,16.0,18.0,20.0,22.0,24.0,26.0,28.0,30.0,32.0,34.0,36.0,38.0,40.0,42.0,44.0,46.0,48.0,50.0,52.0,54.0,56.0,58.0,60.0,62.0,64.0,66.0,68.0,70.0,72.0,74.0,76.0,78.0,80.0,82.0,84.0,86.0,88.0,90.0,92.0,94.0,96.0,98.0,100.0
2.0,4.0,6.0,8.0,10.0,12.0,14.0,16.0,18.0,20.0,22.0,24.0,26.0,28.0,30.0,32.0,34.0,36.0,38.0,40.0,42.0,44.0,46.0,48.0,50.0,52.0,54.0,56.0,58.0,60.0,62.0,64.0,66.0,68.0,70.0,72.0,74.0,76.0,78.0,80.0,82.0,84.0,86.0,88.0,90.0,92.0,94.0,96.0,98.0,100.0
2.0,4.0,6.0,8.0,10.0,12.0,14.0,16.0,18.0,20.0,22.0,24.0,26.0,28.0,30.0,32.0,34.0,36.0,38.0,40.0,42.0,44.0,46.0,48.0,50.0,52.0,54.0,56.0,58.0,60.0,62.0,64.0,66.0,68.0,70.0,72.0,74.0,76.0,78.0,80.0,82.0,84.0,86.0,88.0,90.0,92.0,94.0,96.0,98.0,100.0
2.0,4.0,6.0,8.0,10.0,12.0,14.0,16.0,18.0,20.0,22.0,24.0,26.0,28.0,30.0,32.0,34.0,36.0,38.0,40.0,42.0,44.0,46.0,48.0,50.0,52.0,54.0,56.0,58.0,60.0,62.0,64.0,66.0,68.0,70.0,72.0,74.0,76.0,78.0,80.0,82.0,84.0,86.0,88.0,90.0,92.0,94.0,96.0,98.0,100.0
2.0,4.0,6.0,8.0,10.0,12.0,14.0,16.0,18.0,20.0,22.0,24.0,26.0,28.0,30.0,32.0,34.0,36.0,38.0,40.0,42.0,44.0,46.0,48.0,50.0,52.0,54.0,56.0,58.0,60.0,62.0,64.0,66.0,68.0,70.0,72.0,74.0,76.0,78.0,80.0,82.0,84.0,86.0,88.0,90.0,92.0,94.0,96.0,98.0,100.0
2.0,4.0,6.0,8.0,10.0,12.0,14.0,16.0,18.0,20.0,22.0,24.0,26.0,28.0,30.0,32.0,34.0,36.0,38.0,40.0,42.0,44.0,46.0,48.0,50.0,52.0,54.0,56.0,58.0,60.0,62.0,64.0,66.0,68.0,70.0,72.0,74.0,76.0,78.0,80.0,82.0,84.0,86.0,88.0,90.0,92.0,94.0,96.0,98.0,100.0
2.0,4.0,6.0,8.0,10.0,12.0,14.0,16.0,18.0,20.0,22.0,24.0,26.0,28.0,30.0,32.0,34.0,36.0,38.0,40.0,42.0,44.0,46.0,48.0,50.0,52.0,54.0,56.0,58.0,60.0,62.0,64.0,66.0,68.0,70.0,72.0,74.0,76.0,78.0,80.0,82.0,84.0,86.0,88.0,90.0,92.0,94.0,96.0,98.0,100.0
2.0,4.0,6.0,8.0,10.0,12.0,14.0,16.0,18.0,20.0,22.0,24.0,26.0,28.0,30.0,32.0,34.0,36.0,38.0,40.0,42.0,44.0,46.0,48.0,50.0,52.0,54.0,56.0,58.0,60.0,62.0,64.0,66.0,68.0,70.0,72.0,74.0,76.0,78.0,80.0,82.0,84.0,86.0,88.0,90.0,92.0,94.0,96.0,98.0,100.0
2.0,4.0,6.0,8.0,10.0,12.0,14.0,16.0,18.0,20.0,22.0,24.0,26.0,28.0,30.0,32.0,34.0,36.0,38.0,40.0,42.0,44.0,46.0,48.0,50.0,52.0,54.0,56.0,58.0,60.0,62.0,64.0,66.0,68.0,70.0,72.0,74.0,76.0,78.0,80.0,82.0,84.0,86.0,88.0,90.0,92.0,94.0,96.0,98.0,100.0
2.0,4.0,6.0,8.0,10.0,12.0,14.0,16.0,18.0,20.0,22.0,24.0,26.0,28.0,30.0,32.0,34.0,36.0,38.0,40.0,42.0,44.0,46.0,48.0,50.0,52.0,54.0,56.0,58.0,60.0,62.0,64.0,66.0,68.0,70.0,72.0,74.0,76.0,78.0,80.0,82.0,84.0,86.0,88.0,90.0,92.0,94.0,96.0,98.0,100.0
2.0,4.0,6.0,8.0,10.0,12.0,14.0,16.0,18.0,20.0,22.0,24.0,26.0,28.0,30.0,32.0,34.0,36.0,38.0,40.0,42.0,44.0,46.0,48.0,50.0,52.0,54.0,56.0,58.0,60.0,62.0,64.0,66.0,68.0,70.0,72.0,74.0,76.0,78.0,80.0,82.0,84.0,86.0,88.0,90.0,92.0,94.0,96.0,98.0,100.0
2.0,4.0,6.0,8.0,10.0,12.0,14.0,16.0,18.0,20.0,22.0,24.0,26.0,28.0,30.0,32.0,34.0,36.0,38.0,40.0,42.0,44.0,46.0,48.0,50.0,52.0,54.0,56.0,58.0,60.0,62.0,64.0,66.0,68.0,70.0,72.0,74.0,76.0,78.0,80.0,82.0,84.0,86.0,88.0,90.0,92.0,94.0,96.0,98.0,100.0
starting cell matrix
"1",Point(7.523488019718258,4.171722606124073),1.0109639991311734,0,0,"Alive",0
"2",Point(1.8549473076347682,4.519549310937259),1.0124735287349964,0,0,"Alive",0
"3",Point(5.174785120944016,7.934960964912312),1.1366893564373226,0,0,"Alive",0
"4",Point(2.6604197199930955,1.1367337999213571),0.9289282442477906,0,0,"Alive",0
"5",Point(7.185956529651979,8.780706668689286),0.9104043333614623,0,0,"Alive",0
"6",Point(3.1539691208677705,6.75913497937886),0.9911397890391181,0,0,"Alive",0
"7",Point(4.202912115075455,3.2335254754816507),1.0925288792871075,0,0,"Alive",0
"8",Point(6.536247488487417,1.2435947329242953),1.042670067881796,0,0,"Alive",0
"9",Point(7.104117001388367,6.243920085316917),0.9977908470148527,0,0,"Alive",0
"10",Point(2.380148085710899,9.091079318813348),0.9076936296284244,0,0,"Alive",0
subsequent cell matrices
"1",Point(7.523488019718258,4.171722606124073),1.0109639991311734,0,0,"Alive",0
"2",Point(1.8549473076347682,4.519549310937259),1.0124735287349964,0,0,"Alive",0
"3",Point(5.174785120944016,7.934960964912312),1.1366893564373226,0,0,"Alive",0
"4",Point(2.6604197199930955,1.1367337999213571),0.9289282442477906,0,0,"Alive",0
"5",Point(7.185956529651979,8.780706668689286),0.9104043333614623,0,0,"Alive",0
"6",Point(3.1539691208677705,6.75913497937886),0.9911397890391181,0,0,"Alive",0
"7",Point(4.202912115075455,3.2335254754816507),1.0925288792871075,0,0,"Alive",0
"8",Point(6.536247488487417,1.2435947329242953),1.042670067881796,0,0,"Alive",0
"9",Point(7.785187647788888,6.170902027916978),0.9977908470148527,-0.10680274019179899,0,"Alive",0
"10",Point(2.380148085710899,9.091079318813348),0.9076936296284244,0,0,"Alive",0
"1",Point(7.523488019718258,4.171722606124073),1.0109639991311734,0,0,"Alive",0
"2",Point(1.8549473076347682,4.519549310937259),1.0124735287349964,0,0,"Alive",0
"3",Point(5.174785120944016,7.934960964912312),1.1366893564373226,0,0,"Alive",0
"4",Point(2.6958736341505944,1.1417712075458566),0.9289282442477906,0.1411385651948985,0,"Alive",0
"5",Point(7.185956529651979,8.780706668689286),0.9104043333614623,0,0,"Alive",0
"6",Point(3.1539691208677705,6.75913497937886),0.9911397890391181,0,0,"Alive",0
"7",Point(4.202912115075455,3.2335254754816507),1.0925288792871075,0,0,"Alive",0
"8",Point(6.536247488487417,1.2435947329242953),1.042670067881796,0,0,"Alive",0
"9",Point(7.785187647788888,6.170902027916978),0.9977908470148527,-0.10680274019179899,0,"Alive",0
"10",Point(2.380148085710899,9.091079318813348),0.9076936296284244,0,0,"Alive",0
"1",Point(7.523488019718258,4.171722606124073),1.0109639991311734,0,0,"Alive",0
"2",Point(1.8549473076347682,4.519549310937259),1.0124735287349964,0,0,"Alive",0
"3",Point(5.174785120944016,7.934960964912312),1.1366893564373226,0,0,"Alive",0
"4",Point(2.6958736341505944,1.1417712075458566),0.9289282442477906,0.1411385651948985,0,"Alive",0
"5",Point(7.185956529651979,8.780706668689286),0.9104043333614623,0,0,"Alive",0
"6",Point(3.1539691208677705,6.75913497937886),0.9911397890391181,0,0,"Alive",0
"7",Point(4.202912115075455,3.2335254754816507),1.0925288792871075,0,0,"Alive",0
"8",Point(6.95234413857922,1.1854143284199088),1.042670067881796,-0.13892357164641175,0,"Alive",0
"9",Point(7.785187647788888,6.170902027916978),0.9977908470148527,-0.10680274019179899,0,"Alive",0
"10",Point(2.380148085710899,9.091079318813348),0.9076936296284244,0,0,"Alive",0
"1",Point(7.523488019718258,4.171722606124073),1.0109639991311734,0,0,"Alive",0
"2",Point(1.8549473076347682,4.519549310937259),1.0124735287349964,0,0,"Alive",0
"3",Point(5.174785120944016,7.934960964912312),1.1366893564373226,0,0,"Alive",0
"4",Point(3.5711199230793413,1.1357597238855066),0.9289282442477906,-0.006868225790238108,0,"Alive",0
"5",Point(7.185956529651979,8.780706668689286),0.9104043333614623,0,0,"Alive",0
"6",Point(3.1539691208677705,6.75913497937886),0.9911397890391181,0,0,"Alive",0
"7",Point(4.202912115075455,3.2335254754816507),1.0925288792871075,0,0,"Alive",0
"8",Point(6.95234413857922,1.1854143284199088),1.042670067881796,-0.13892357164641175,0,"Alive",0
"9",Point(7.785187647788888,6.170902027916978),0.9977908470148527,-0.10680274019179899,0,"Alive",0
"10",Point(2.380148085710899,9.091079318813348),0.9076936296284244,0,0,"Alive",0
"1",Point(7.523488019718258,4.171722606124073),1.0109639991311734,0,0,"Alive",0
"2",Point(1.8549473076347682,4.519549310937259),1.0124735287349964,0,0,"Alive",0
"3",Point(5.174785120944016,7.934960964912312),1.1366893564373226,0,0,"Alive",0
"4",Point(3.5711199230793413,1.1357597238855066),0.9289282442477906,-0.006868225790238108,0,"Alive",0
"5",Point(7.185956529651979,8.780706668689286),0.9104043333614623,0,0,"Alive",0
"6",Point(3.1539691208677705,6.75913497937886),0.9911397890391181,0,0,"Alive",0
"7",Point(4.413975563212016,3.241198499296709),1.0925288792871075,0.036338107253702026,0,"Alive",0
"8",Point(6.95234413857922,1.1854143284199088),1.042670067881796,-0.13892357164641175,0,"Alive",0
"9",Point(7.785187647788888,6.170902027916978),0.9977908470148527,-0.10680274019179899,0,"Alive",0
"10",Point(2.380148085710899,9.091079318813348),0.9076936296284244,0,0,"Alive",0
"1",Point(7.523488019718258,4.171722606124073),1.0109639991311734,0,0,"Alive",0
"2",Point(1.8549473076347682,4.519549310937259),1.0124735287349964,0,0,"Alive",0
"3",Point(5.174785120944016,7.934960964912312),1.1366893564373226,0,0,"Alive",0
"4",Point(3.5711199230793413,1.1357597238855066),0.9289282442477906,-0.006868225790238108,0,"Alive",0
"5",Point(7.185956529651979,8.780706668689286),0.9104043333614623,0,0,"Alive",0
"6",Point(3.1539691208677705,6.75913497937886),0.9911397890391181,0,0,"Alive",0
"7",Point(4.413975563212016,3.241198499296709),1.0925288792871075,0.036338107253702026,0,"Alive",0
"8",Point(6.95234413857922,1.1854143284199088),1.042670067881796,-0.13892357164641175,0,"Alive",0
"9",Point(8.035690638886166,6.172541772910766),0.9977908470148527,0.006545716550048232,0,"Alive",0
"10",Point(2.380148085710899,9.091079318813348),0.9076936296284244,0,0,"Alive",0
"1",Point(7.523488019718258,4.171722606124073),1.0109639991311734,0,0,"Alive",0
"2",Point(1.8549473076347682,4.519549310937259),1.0124735287349964,0,0,"Alive",0
"3",Point(5.174785120944016,7.934960964912312),1.1366893564373226,0,0,"Alive",0
"4",Point(3.5711199230793413,1.1357597238855066),0.9289282442477906,-0.006868225790238108,0,"Alive",0
"5",Point(7.185956529651979,8.780706668689286),0.9104043333614623,0,0,"Alive",0
"6",Point(3.2382529072295543,6.757202913755632),0.9911397890391181,-0.02291932283851331,0,"Alive",0
"7",Point(4.413975563212016,3.241198499296709),1.0925288792871075,0.036338107253702026,0,"Alive",0
"8",Point(6.95234413857922,1.1854143284199088),1.042670067881796,-0.13892357164641175,0,"Alive",0
"9",Point(8.035690638886166,6.172541772910766),0.9977908470148527,0.006545716550048232,0,"Alive",0
"10",Point(2.380148085710899,9.091079318813348),0.9076936296284244,0,0,"Alive",0
"1",Point(7.523488019718258,4.171722606124073),1.0109639991311734,0,0,"Alive",0
"2",Point(1.8549473076347682,4.519549310937259),1.0124735287349964,0,0,"Alive",0
"3",Point(5.174785120944016,7.934960964912312),1.1366893564373226,0,0,"Alive",0
"4",Point(3.5711199230793413,1.1357597238855066),0.9289282442477906,-0.006868225790238108,0,"Alive",0
"5",Point(7.185956529651979,8.780706668689286),0.9104043333614623,0,0,"Alive",0
"6",Point(3.2382529072295543,6.757202913755632),0.9911397890391181,-0.02291932283851331,0,"Alive",0
"7",Point(4.413975563212016,3.241198499296709),1.0925288792871075,0.036338107253702026,0,"Alive",0
"8",Point(7.107208072093231,1.1886511420846362),1.042670067881796,0.020897973970322687,0,"Alive",0
"9",Point(8.035690638886166,6.172541772910766),0.9977908470148527,0.006545716550048232,0,"Alive",0
"10",Point(2.380148085710899,9.091079318813348),0.9076936296284244,0,0,"Alive",0
"1",Point(7.523488019718258,4.171722606124073),1.0109639991311734,0,0,"Alive",0
"2",Point(1.8549473076347682,4.519549310937259),1.0124735287349964,0,0,"Alive",0
"3",Point(5.174785120944016,7.934960964912312),1.1366893564373226,0.0,0.0,"Alive",0
"4",Point(3.5711199230793413,1.1357597238855066),0.9289282442477906,-0.006868225790238108,0,"Alive",0
"5",Point(7.185956529651979,8.780706668689286),0.9104043333614623,0,0,"Alive",0
"6",Point(3.2382529072295543,6.757202913755632),0.9911397890391181,-0.02291932283851331,0,"Alive",0
"7",Point(4.413975563212016,3.241198499296709),1.0925288792871075,0.036338107253702026,0,"Alive",0
"8",Point(7.107208072093231,1.1886511420846362),1.042670067881796,0.020897973970322687,0,"Alive",0
"9",Point(8.035690638886166,6.172541772910766),0.9977908470148527,0.006545716550048232,0,"Alive",0
"10",Point(2.380148085710899,9.091079318813348),0.9076936296284244,0,0,"Alive",0
"1",Point(7.523488019718258,4.171722606124073),1.0109639991311734,0,0,"Alive",0
"2",Point(1.8549473076347682,4.519549310937259),1.0124735287349964,0,0,"Alive",0
"3",Point(5.174785120944016,7.934960964912312),1.1366893564373226,0.0,0.0,"Alive",0
"4",Point(3.5711199230793413,1.1357597238855066),0.9289282442477906,-0.006868225790238108,0,"Alive",0
"5",Point(7.185956529651979,8.780706668689286),0.9104043333614623,0,0,"Alive",0
"6",Point(3.2382529072295543,6.757202913755632),0.9911397890391181,-0.02291932283851331,0,"Alive",0
"7",Point(4.413975563212016,3.241198499296709),1.0925288792871075,0.036338107253702026,0,"Alive",0
"8",Point(7.835183440948129,1.1424022749429805),1.042670067881796,-0.06344554595513588,0,"Alive",0
"9",Point(8.035690638886166,6.172541772910766),0.9977908470148527,0.006545716550048232,0,"Alive",0
"10",Point(2.380148085710899,9.091079318813348),0.9076936296284244,0,0,"Alive",0
"1",Point(7.523488019718258,4.171722606124073),1.0109639991311734,0.0,0.0,"Alive",0
"2",Point(1.8549473076347682,4.519549310937259),1.0124735287349964,0,0,"Alive",0
"3",Point(5.174785120944016,7.934960964912312),1.1366893564373226,0.0,0.0,"Alive",0
"4",Point(3.5711199230793413,1.1357597238855066),0.9289282442477906,-0.006868225790238108,0,"Alive",0
"5",Point(7.185956529651979,8.780706668689286),0.9104043333614623,0,0,"Alive",0
"6",Point(3.2382529072295543,6.757202913755632),0.9911397890391181,-0.02291932283851331,0,"Alive",0
"7",Point(4.413975563212016,3.241198499296709),1.0925288792871075,0.036338107253702026,0,"Alive",0
"8",Point(7.835183440948129,1.1424022749429805),1.042670067881796,-0.06344554595513588,0,"Alive",0
"9",Point(8.035690638886166,6.172541772910766),0.9977908470148527,0.006545716550048232,0,"Alive",0
"10",Point(2.380148085710899,9.091079318813348),0.9076936296284244,0,0,"Alive",0
"1",Point(7.523488019718258,4.171722606124073),1.0109639991311734,0.0,0.0,"Alive",0
"2",Point(1.8549473076347682,4.519549310937259),1.0124735287349964,0,0,"Alive",0
"3",Point(5.174785120944016,7.934960964912312),1.1366893564373226,0.0,0.0,"Alive",0
"4",Point(3.5711199230793413,1.1357597238855066),0.9289282442477906,-0.006868225790238108,0,"Alive",0
"5",Point(7.185956529651979,8.780706668689286),0.9104043333614623,0,0,"Alive",0
"6",Point(3.2382529072295543,6.757202913755632),0.9911397890391181,-0.02291932283851331,0,"Alive",0
"7",Point(4.413975563212016,3.241198499296709),1.0925288792871075,0.036338107253702026,0,"Alive",0
"8",Point(7.835183440948129,1.1424022749429805),1.042670067881796,-0.06344554595513588,0,"Alive",0
"9",Point(8.035690638886166,6.172541772910766),0.9977908470148527,0.006545716550048232,0,"Alive",0
"10",Point(2.380148085710899,9.091079318813348),0.9076936296284244,0,0,"Alive",0
"1",Point(7.523488019718258,4.171722606124073),1.0109639991311734,0.0,0.0,"Alive",0
"2",Point(1.8549473076347682,4.519549310937259),1.0124735287349964,0,0,"Alive",0
"3",Point(5.174785120944016,7.934960964912312),1.1366893564373226,0.0,0.0,"Alive",0
"4",Point(3.5711199230793413,1.1357597238855066),0.9289282442477906,-0.006868225790238108,0,"Alive",0
"5",Point(7.185956529651979,8.780706668689286),0.9104043333614623,0,0,"Alive",0
"6",Point(3.2382529072295543,6.757202913755632),0.9911397890391181,-0.02291932283851331,0,"Alive",0
"7",Point(4.413975563212016,3.241198499296709),1.0925288792871075,0.036338107253702026,0,"Alive",0
"8",Point(7.835183440948129,1.1424022749429805),1.042670067881796,-0.06344554595513588,0,"Alive",0
"9",Point(8.035690638886166,6.172541772910766),0.9977908470148527,0.006545716550048232,0,"Alive",0
"10",Point(2.380148085710899,9.091079318813348),0.9076936296284244,0,0,"Alive",0
"1",Point(7.523488019718258,4.171722606124073),1.0109639991311734,0.0,0.0,"Alive",0
"2",Point(1.8549473076347682,4.519549310937259),1.0124735287349964,0,0,"Alive",0
"3",Point(5.174785120944016,7.934960964912312),1.1366893564373226,0.0,0.0,"Alive",0
"4",Point(3.5711199230793413,1.1357597238855066),0.9289282442477906,-0.006868225790238108,0,"Alive",0
"5",Point(7.185956529651979,8.780706668689286),0.9104043333614623,0,0,"Alive",0
"6",Point(3.2382529072295543,6.757202913755632),0.9911397890391181,-0.02291932283851331,0,"Alive",0
"7",Point(4.413975563212016,3.241198499296709),1.0925288792871075,0.036338107253702026,0,"Alive",0
"8",Point(7.835183440948129,1.1424022749429805),1.042670067881796,-0.06344554595513588,0,"Alive",0
"9",Point(8.035690638886166,6.172541772910766),0.9977908470148527,0.006545716550048232,0,"Alive",0
"10",Point(2.380148085710899,9.091079318813348),0.9076936296284244,0,0,"Alive",0
"1",Point(7.523488019718258,4.171722606124073),1.0109639991311734,0.0,0.0,"Alive",0
"2",Point(2.325914138023765,4.542363324632663),1.0124735287349964,0.04840297204509862,0,"Alive",0
"3",Point(5.174785120944016,7.934960964912312),1.1366893564373226,0.0,0.0,"Alive",0
"4",Point(3.5711199230793413,1.1357597238855066),0.9289282442477906,-0.006868225790238108,0,"Alive",0
"5",Point(7.185956529651979,8.780706668689286),0.9104043333614623,0,0,"Alive",0
"6",Point(3.2382529072295543,6.757202913755632),0.9911397890391181,-0.02291932283851331,0,"Alive",0
"7",Point(4.413975563212016,3.241198499296709),1.0925288792871075,0.036338107253702026,0,"Alive",0
"8",Point(7.835183440948129,1.1424022749429805),1.042670067881796,-0.06344554595513588,0,"Alive",0
"9",Point(8.035690638886166,6.172541772910766),0.9977908470148527,0.006545716550048232,0,"Alive",0
"10",Point(2.380148085710899,9.091079318813348),0.9076936296284244,0,0,"Alive",0
"1",Point(7.523488019718258,4.171722606124073),1.0109639991311734,0.0,0.0,"Alive",0
"2",Point(2.325914138023765,4.542363324632663),1.0124735287349964,0.04840297204509862,0,"Alive",0
"3",Point(5.174785120944016,7.934960964912312),1.1366893564373226,0.0,0.0,"Alive",0
"4",Point(3.5711199230793413,1.1357597238855066),0.9289282442477906,-0.006868225790238108,0,"Alive",0
"5",Point(7.185956529651979,8.780706668689286),0.9104043333614623,0,0,"Alive",0
"6",Point(3.2382529072295543,6.757202913755632),0.9911397890391181,0.0,0.0,"Alive",0
"7",Point(4.413975563212016,3.241198499296709),1.0925288792871075,0.036338107253702026,0,"Alive",0
"8",Point(7.835183440948129,1.1424022749429805),1.042670067881796,-0.06344554595513588,0,"Alive",0
"9",Point(8.035690638886166,6.172541772910766),0.9977908470148527,0.006545716550048232,0,"Alive",0
"10",Point(2.380148085710899,9.091079318813348),0.9076936296284244,0,0,"Alive",0
"1",Point(7.523488019718258,4.171722606124073),1.0109639991311734,0.0,0.0,"Alive",0
"2",Point(2.325914138023765,4.542363324632663),1.0124735287349964,0.04840297204509862,0,"Alive",0
"3",Point(5.174785120944016,7.934960964912312),1.1366893564373226,0.0,0.0,"Alive",0
"4",Point(3.5711199230793413,1.1357597238855066),0.9289282442477906,-0.006868225790238108,0,"Alive",0
"5",Point(7.408149893453345,8.78376662653551),0.9104043333614623,0.01377072820034513,0,"Alive",0
"6",Point(3.2382529072295543,6.757202913755632),0.9911397890391181,0.0,0.0,"Alive",0
"7",Point(4.413975563212016,3.241198499296709),1.0925288792871075,0.036338107253702026,0,"Alive",0
"8",Point(7.835183440948129,1.1424022749429805),1.042670067881796,-0.06344554595513588,0,"Alive",0
"9",Point(8.035690638886166,6.172541772910766),0.9977908470148527,0.006545716550048232,0,"Alive",0
"10",Point(2.380148085710899,9.091079318813348),0.9076936296284244,0,0,"Alive",0
"1",Point(7.523488019718258,4.171722606124073),1.0109639991311734,0.0,0.0,"Alive",0
"2",Point(2.325914138023765,4.542363324632663),1.0124735287349964,0.04840297204509862,0,"Alive",0
"3",Point(5.174785120944016,7.934960964912312),1.1366893564373226,0.0,0.0,"Alive",0
"4",Point(3.5711199230793413,1.1357597238855066),0.9289282442477906,-0.006868225790238108,0,"Alive",0
"5",Point(7.408149893453345,8.78376662653551),0.9104043333614623,0.01377072820034513,0,"Alive",0
"6",Point(3.2382529072295543,6.757202913755632),0.9911397890391181,0.0,0.0,"Alive",0
"7",Point(4.413975563212016,3.241198499296709),1.0925288792871075,0.036338107253702026,0,"Alive",0
"8",Point(7.835183440948129,1.1424022749429805),1.042670067881796,-0.06344554595513588,0,"Alive",0
"9",Point(8.3820085679479,6.13962978507298),0.9977908470148527,-0.09474946972608494,0,"Alive",0
"10",Point(2.380148085710899,9.091079318813348),0.9076936296284244,0,0,"Alive",0
"1",Point(7.523488019718258,4.171722606124073),1.0109639991311734,0.0,0.0,"Alive",0
"2",Point(2.325914138023765,4.542363324632663),1.0124735287349964,0.0,0.0,"Alive",0
"3",Point(5.174785120944016,7.934960964912312),1.1366893564373226,0.0,0.0,"Alive",0
"4",Point(3.5711199230793413,1.1357597238855066),0.9289282442477906,-0.006868225790238108,0,"Alive",0
"5",Point(7.408149893453345,8.78376662653551),0.9104043333614623,0.01377072820034513,0,"Alive",0
"6",Point(3.2382529072295543,6.757202913755632),0.9911397890391181,0.0,0.0,"Alive",0
"7",Point(4.413975563212016,3.241198499296709),1.0925288792871075,0.036338107253702026,0,"Alive",0
"8",Point(7.835183440948129,1.1424022749429805),1.042670067881796,-0.06344554595513588,0,"Alive",0
"9",Point(8.3820085679479,6.13962978507298),0.9977908470148527,-0.09474946972608494,0,"Alive",0
"10",Point(2.380148085710899,9.091079318813348),0.9076936296284244,0,0,"Alive",0
"1",Point(7.523488019718258,4.171722606124073),1.0109639991311734,0.0,0.0,"Alive",0
"2",Point(2.325914138023765,4.542363324632663),1.0124735287349964,0.0,0.0,"Alive",0
"3",Point(5.174785120944016,7.934960964912312),1.1366893564373226,0.0,0.0,"Alive",0
"4",Point(3.5711199230793413,1.1357597238855066),0.9289282442477906,-0.006868225790238108,0,"Alive",0
"5",Point(7.408149893453345,8.78376662653551),0.9104043333614623,0.01377072820034513,0,"Alive",0
"6",Point(3.2382529072295543,6.757202913755632),0.9911397890391181,0.0,0.0,"Alive",0
"7",Point(4.413975563212016,3.241198499296709),1.0925288792871075,0.036338107253702026,0,"Alive",0
"8",Point(8.204059926338859,1.1320589424891379),1.042670067881796,-0.028032751711284155,0,"Alive",0
"9",Point(8.3820085679479,6.13962978507298),0.9977908470148527,-0.09474946972608494,0,"Alive",0
"10",Point(2.380148085710899,9.091079318813348),0.9076936296284244,0,0,"Alive",0
