time,diffusion rate
27 Jan 2015 05:21:53 PM,1.0
Number of cells,Speed of cells,Average cell radius,Number of timesteps,Width of environment,Height of environment,Probability of cell division,Probability of cell death
10.0,1.0,1.0,20.0,10.0,10.0,0.0,0.0
starting concentration map
2.0,4.0,6.0,8.0,10.0,12.0,14.0,16.0,18.0,20.0,22.0,24.0,26.0,28.0,30.0,32.0,34.0,36.0,38.0,40.0,42.0,44.0,46.0,48.0,50.0,52.0,54.0,56.0,58.0,60.0,62.0,64.0,66.0,68.0,70.0,72.0,74.0,76.0,78.0,80.0,82.0,84.0,86.0,88.0,90.0,92.0,94.0,96.0,98.0,100.0
2.0,4.0,6.0,8.0,10.0,12.0,14.0,16.0,18.0,20.0,22.0,24.0,26.0,28.0,30.0,32.0,34.0,36.0,38.0,40.0,42.0,44.0,46.0,48.0,50.0,52.0,54.0,56.0,58.0,60.0,62.0,64.0,66.0,68.0,70.0,72.0,74.0,76.0,78.0,80.0,82.0,84.0,86.0,88.0,90.0,92.0,94.0,96.0,98.0,100.0
2.0,4.0,6.0,8.0,10.0,12.0,14.0,16.0,18.0,20.0,22.0,24.0,26.0,28.0,30.0,32.0,34.0,36.0,38.0,40.0,42.0,44.0,46.0,48.0,50.0,52.0,54.0,56.0,58.0,60.0,62.0,64.0,66.0,68.0,70.0,72.0,74.0,76.0,78.0,80.0,82.0,84.0,86.0,88.0,90.0,92.0,94.0,96.0,98.0,100.0
2.0,4.0,6.0,8.0,10.0,12.0,14.0,16.0,18.0,20.0,22.0,24.0,26.0,28.0,30.0,32.0,34.0,36.0,38.0,40.0,42.0,44.0,46.0,48.0,50.0,52.0,54.0,56.0,58.0,60.0,62.0,64.0,66.0,68.0,70.0,72.0,74.0,76.0,78.0,80.0,82.0,84.0,86.0,88.0,90.0,92.0,94.0,96.0,98.0,100.0
2.0,4.0,6.0,8.0,10.0,12.0,14.0,16.0,18.0,20.0,22.0,24.0,26.0,28.0,30.0,32.0,34.0,36.0,38.0,40.0,42.0,44.0,46.0,48.0,50.0,52.0,54.0,56.0,58.0,60.0,62.0,64.0,66.0,68.0,70.0,72.0,74.0,76.0,78.0,80.0,82.0,84.0,86.0,88.0,90.0,92.0,94.0,96.0,98.0,100.0
2.0,4.0,6.0,8.0,10.0,12.0,14.0,16.0,18.0,20.0,22.0,24.0,26.0,28.0,30.0,32.0,34.0,36.0,38.0,40.0,42.0,44.0,46.0,48.0,50.0,52.0,54.0,56.0,58.0,60.0,62.0,64.0,66.0,68.0,70.0,72.0,74.0,76.0,78.0,80.0,82.0,84.0,86.0,88.0,90.0,92.0,94.0,96.0,98.0,100.0
2.0,4.0,6.0,8.0,10.0,12.0,14.0,16.0,18.0,20.0,22.0,24.0,26.0,28.0,30.0,32.0,34.0,36.0,38.0,40.0,42.0,44.0,46.0,48.0,50.0,52.0,54.0,56.0,58.0,60.0,62.0,64.0,66.0,68.0,70.0,72.0,74.0,76.0,78.0,80.0,82.0,84.0,86.0,88.0,90.0,92.0,94.0,96.0,98.0,100.0
2.0,4.0,6.0,8.0,10.0,12.0,14.0,16.0,18.0,20.0,22.0,24.0,26.0,28.0,30.0,32.0,34.0,36.0,38.0,40.0,42.0,44.0,46.0,48.0,50.0,52.0,54.0,56.0,58.0,60.0,62.0,64.0,66.0,68.0,70.0,72.0,74.0,76.0,78.0,80.0,82.0,84.0,86.0,88.0,90.0,92.0,94.0,96.0,98.0,100.0
2.0,4.0,6.0,8.0,10.0,12.0,14.0,16.0,18.0,20.0,22.0,24.0,26.0,28.0,30.0,32.0,34.0,36.0,38.0,40.0,42.0,44.0,46.0,48.0,50.0,52.0,54.0,56.0,58.0,60.0,62.0,64.0,66.0,68.0,70.0,72.0,74.0,76.0,78.0,80.0,82.0,84.0,86.0,88.0,90.0,92.0,94.0,96.0,98.0,100.0
2.0,4.0,6.0,8.0,10.0,12.0,14.0,16.0,18.0,20.0,22.0,24.0,26.0,28.0,30.0,32.0,34.0,36.0,38.0,40.0,42.0,44.0,46.0,48.0,50.0,52.0,54.0,56.0,58.0,60.0,62.0,64.0,66.0,68.0,70.0,72.0,74.0,76.0,78.0,80.0,82.0,84.0,86.0,88.0,90.0,92.0,94.0,96.0,98.0,100.0
2.0,4.0,6.0,8.0,10.0,12.0,14.0,16.0,18.0,20.0,22.0,24.0,26.0,28.0,30.0,32.0,34.0,36.0,38.0,40.0,42.0,44.0,46.0,48.0,50.0,52.0,54.0,56.0,58.0,60.0,62.0,64.0,66.0,68.0,70.0,72.0,74.0,76.0,78.0,80.0,82.0,84.0,86.0,88.0,90.0,92.0,94.0,96.0,98.0,100.0
2.0,4.0,6.0,8.0,10.0,12.0,14.0,16.0,18.0,20.0,22.0,24.0,26.0,28.0,30.0,32.0,34.0,36.0,38.0,40.0,42.0,44.0,46.0,48.0,50.0,52.0,54.0,56.0,58.0,60.0,62.0,64.0,66.0,68.0,70.0,72.0,74.0,76.0,78.0,80.0,82.0,84.0,86.0,88.0,90.0,92.0,94.0,96.0,98.0,100.0
2.0,4.0,6.0,8.0,10.0,12.0,14.0,16.0,18.0,20.0,22.0,24.0,26.0,28.0,30.0,32.0,34.0,36.0,38.0,40.0,42.0,44.0,46.0,48.0,50.0,52.0,54.0,56.0,58.0,60.0,62.0,64.0,66.0,68.0,70.0,72.0,74.0,76.0,78.0,80.0,82.0,84.0,86.0,88.0,90.0,92.0,94.0,96.0,98.0,100.0
2.0,4.0,6.0,8.0,10.0,12.0,14.0,16.0,18.0,20.0,22.0,24.0,26.0,28.0,30.0,32.0,34.0,36.0,38.0,40.0,42.0,44.0,46.0,48.0,50.0,52.0,54.0,56.0,58.0,60.0,62.0,64.0,66.0,68.0,70.0,72.0,74.0,76.0,78.0,80.0,82.0,84.0,86.0,88.0,90.0,92.0,94.0,96.0,98.0,100.0
2.0,4.0,6.0,8.0,10.0,12.0,14.0,16.0,18.0,20.0,22.0,24.0,26.0,28.0,30.0,32.0,34.0,36.0,38.0,40.0,42.0,44.0,46.0,48.0,50.0,52.0,54.0,56.0,58.0,60.0,62.0,64.0,66.0,68.0,70.0,72.0,74.0,76.0,78.0,80.0,82.0,84.0,86.0,88.0,90.0,92.0,94.0,96.0,98.0,100.0
2.0,4.0,6.0,8.0,10.0,12.0,14.0,16.0,18.0,20.0,22.0,24.0,26.0,28.0,30.0,32.0,34.0,36.0,38.0,40.0,42.0,44.0,46.0,48.0,50.0,52.0,54.0,56.0,58.0,60.0,62.0,64.0,66.0,68.0,70.0,72.0,74.0,76.0,78.0,80.0,82.0,84.0,86.0,88.0,90.0,92.0,94.0,96.0,98.0,100.0
2.0,4.0,6.0,8.0,10.0,12.0,14.0,16.0,18.0,20.0,22.0,24.0,26.0,28.0,30.0,32.0,34.0,36.0,38.0,40.0,42.0,44.0,46.0,48.0,50.0,52.0,54.0,56.0,58.0,60.0,62.0,64.0,66.0,68.0,70.0,72.0,74.0,76.0,78.0,80.0,82.0,84.0,86.0,88.0,90.0,92.0,94.0,96.0,98.0,100.0
2.0,4.0,6.0,8.0,10.0,12.0,14.0,16.0,18.0,20.0,22.0,24.0,26.0,28.0,30.0,32.0,34.0,36.0,38.0,40.0,42.0,44.0,46.0,48.0,50.0,52.0,54.0,56.0,58.0,60.0,62.0,64.0,66.0,68.0,70.0,72.0,74.0,76.0,78.0,80.0,82.0,84.0,86.0,88.0,90.0,92.0,94.0,96.0,98.0,100.0
2.0,4.0,6.0,8.0,10.0,12.0,14.0,16.0,18.0,20.0,22.0,24.0,26.0,28.0,30.0,32.0,34.0,36.0,38.0,40.0,42.0,44.0,46.0,48.0,50.0,52.0,54.0,56.0,58.0,60.0,62.0,64.0,66.0,68.0,70.0,72.0,74.0,76.0,78.0,80.0,82.0,84.0,86.0,88.0,90.0,92.0,94.0,96.0,98.0,100.0
2.0,4.0,6.0,8.0,10.0,12.0,14.0,16.0,18.0,20.0,22.0,24.0,26.0,28.0,30.0,32.0,34.0,36.0,38.0,40.0,42.0,44.0,46.0,48.0,50.0,52.0,54.0,56.0,58.0,60.0,62.0,64.0,66.0,68.0,70.0,72.0,74.0,76.0,78.0,80.0,82.0,84.0,86.0,88.0,90.0,92.0,94.0,96.0,98.0,100.0
2.0,4.0,6.0,8.0,10.0,12.0,14.0,16.0,18.0,20.0,22.0,24.0,26.0,28.0,30.0,32.0,34.0,36.0,38.0,40.0,42.0,44.0,46.0,48.0,50.0,52.0,54.0,56.0,58.0,60.0,62.0,64.0,66.0,68.0,70.0,72.0,74.0,76.0,78.0,80.0,82.0,84.0,86.0,88.0,90.0,92.0,94.0,96.0,98.0,100.0
2.0,4.0,6.0,8.0,10.0,12.0,14.0,16.0,18.0,20.0,22.0,24.0,26.0,28.0,30.0,32.0,34.0,36.0,38.0,40.0,42.0,44.0,46.0,48.0,50.0,52.0,54.0,56.0,58.0,60.0,62.0,64.0,66.0,68.0,70.0,72.0,74.0,76.0,78.0,80.0,82.0,84.0,86.0,88.0,90.0,92.0,94.0,96.0,98.0,100.0
2.0,4.0,6.0,8.0,10.0,12.0,14.0,16.0,18.0,20.0,22.0,24.0,26.0,28.0,30.0,32.0,34.0,36.0,38.0,40.0,42.0,44.0,46.0,48.0,50.0,52.0,54.0,56.0,58.0,60.0,62.0,64.0,66.0,68.0,70.0,72.0,74.0,76.0,78.0,80.0,82.0,84.0,86.0,88.0,90.0,92.0,94.0,96.0,98.0,100.0
2.0,4.0,6.0,8.0,10.0,12.0,14.0,16.0,18.0,20.0,22.0,24.0,26.0,28.0,30.0,32.0,34.0,36.0,38.0,40.0,42.0,44.0,46.0,48.0,50.0,52.0,54.0,56.0,58.0,60.0,62.0,64.0,66.0,68.0,70.0,72.0,74.0,76.0,78.0,80.0,82.0,84.0,86.0,88.0,90.0,92.0,94.0,96.0,98.0,100.0
2.0,4.0,6.0,8.0,10.0,12.0,14.0,16.0,18.0,20.0,22.0,24.0,26.0,28.0,30.0,32.0,34.0,36.0,38.0,40.0,42.0,44.0,46.0,48.0,50.0,52.0,54.0,56.0,58.0,60.0,62.0,64.0,66.0,68.0,70.0,72.0,74.0,76.0,78.0,80.0,82.0,84.0,86.0,88.0,90.0,92.0,94.0,96.0,98.0,100.0
2.0,4.0,6.0,8.0,10.0,12.0,14.0,16.0,18.0,20.0,22.0,24.0,26.0,28.0,30.0,32.0,34.0,36.0,38.0,40.0,42.0,44.0,46.0,48.0,50.0,52.0,54.0,56.0,58.0,60.0,62.0,64.0,66.0,68.0,70.0,72.0,74.0,76.0,78.0,80.0,82.0,84.0,86.0,88.0,90.0,92.0,94.0,96.0,98.0,100.0
2.0,4.0,6.0,8.0,10.0,12.0,14.0,16.0,18.0,20.0,22.0,24.0,26.0,28.0,30.0,32.0,34.0,36.0,38.0,40.0,42.0,44.0,46.0,48.0,50.0,52.0,54.0,56.0,58.0,60.0,62.0,64.0,66.0,68.0,70.0,72.0,74.0,76.0,78.0,80.0,82.0,84.0,86.0,88.0,90.0,92.0,94.0,96.0,98.0,100.0
2.0,4.0,6.0,8.0,10.0,12.0,14.0,16.0,18.0,20.0,22.0,24.0,26.0,28.0,30.0,32.0,34.0,36.0,38.0,40.0,42.0,44.0,46.0,48.0,50.0,52.0,54.0,56.0,58.0,60.0,62.0,64.0,66.0,68.0,70.0,72.0,74.0,76.0,78.0,80.0,82.0,84.0,86.0,88.0,90.0,92.0,94.0,96.0,98.0,100.0
2.0,4.0,6.0,8.0,10.0,12.0,14.0,16.0,18.0,20.0,22.0,24.0,26.0,28.0,30.0,32.0,34.0,36.0,38.0,40.0,42.0,44.0,46.0,48.0,50.0,52.0,54.0,56.0,58.0,60.0,62.0,64.0,66.0,68.0,70.0,72.0,74.0,76.0,78.0,80.0,82.0,84.0,86.0,88.0,90.0,92.0,94.0,96.0,98.0,100.0
2.0,4.0,6.0,8.0,10.0,12.0,14.0,16.0,18.0,20.0,22.0,24.0,26.0,28.0,30.0,32.0,34.0,36.0,38.0,40.0,42.0,44.0,46.0,48.0,50.0,52.0,54.0,56.0,58.0,60.0,62.0,64.0,66.0,68.0,70.0,72.0,74.0,76.0,78.0,80.0,82.0,84.0,86.0,88.0,90.0,92.0,94.0,96.0,98.0,100.0
2.0,4.0,6.0,8.0,10.0,12.0,14.0,16.0,18.0,20.0,22.0,24.0,26.0,28.0,30.0,32.0,34.0,36.0,38.0,40.0,42.0,44.0,46.0,48.0,50.0,52.0,54.0,56.0,58.0,60.0,62.0,64.0,66.0,68.0,70.0,72.0,74.0,76.0,78.0,80.0,82.0,84.0,86.0,88.0,90.0,92.0,94.0,96.0,98.0,100.0
2.0,4.0,6.0,8.0,10.0,12.0,14.0,16.0,18.0,20.0,22.0,24.0,26.0,28.0,30.0,32.0,34.0,36.0,38.0,40.0,42.0,44.0,46.0,48.0,50.0,52.0,54.0,56.0,58.0,60.0,62.0,64.0,66.0,68.0,70.0,72.0,74.0,76.0,78.0,80.0,82.0,84.0,86.0,88.0,90.0,92.0,94.0,96.0,98.0,100.0
2.0,4.0,6.0,8.0,10.0,12.0,14.0,16.0,18.0,20.0,22.0,24.0,26.0,28.0,30.0,32.0,34.0,36.0,38.0,40.0,42.0,44.0,46.0,48.0,50.0,52.0,54.0,56.0,58.0,60.0,62.0,64.0,66.0,68.0,70.0,72.0,74.0,76.0,78.0,80.0,82.0,84.0,86.0,88.0,90.0,92.0,94.0,96.0,98.0,100.0
2.0,4.0,6.0,8.0,10.0,12.0,14.0,16.0,18.0,20.0,22.0,24.0,26.0,28.0,30.0,32.0,34.0,36.0,38.0,40.0,42.0,44.0,46.0,48.0,50.0,52.0,54.0,56.0,58.0,60.0,62.0,64.0,66.0,68.0,70.0,72.0,74.0,76.0,78.0,80.0,82.0,84.0,86.0,88.0,90.0,92.0,94.0,96.0,98.0,100.0
2.0,4.0,6.0,8.0,10.0,12.0,14.0,16.0,18.0,20.0,22.0,24.0,26.0,28.0,30.0,32.0,34.0,36.0,38.0,40.0,42.0,44.0,46.0,48.0,50.0,52.0,54.0,56.0,58.0,60.0,62.0,64.0,66.0,68.0,70.0,72.0,74.0,76.0,78.0,80.0,82.0,84.0,86.0,88.0,90.0,92.0,94.0,96.0,98.0,100.0
2.0,4.0,6.0,8.0,10.0,12.0,14.0,16.0,18.0,20.0,22.0,24.0,26.0,28.0,30.0,32.0,34.0,36.0,38.0,40.0,42.0,44.0,46.0,48.0,50.0,52.0,54.0,56.0,58.0,60.0,62.0,64.0,66.0,68.0,70.0,72.0,74.0,76.0,78.0,80.0,82.0,84.0,86.0,88.0,90.0,92.0,94.0,96.0,98.0,100.0
2.0,4.0,6.0,8.0,10.0,12.0,14.0,16.0,18.0,20.0,22.0,24.0,26.0,28.0,30.0,32.0,34.0,36.0,38.0,40.0,42.0,44.0,46.0,48.0,50.0,52.0,54.0,56.0,58.0,60.0,62.0,64.0,66.0,68.0,70.0,72.0,74.0,76.0,78.0,80.0,82.0,84.0,86.0,88.0,90.0,92.0,94.0,96.0,98.0,100.0
2.0,4.0,6.0,8.0,10.0,12.0,14.0,16.0,18.0,20.0,22.0,24.0,26.0,28.0,30.0,32.0,34.0,36.0,38.0,40.0,42.0,44.0,46.0,48.0,50.0,52.0,54.0,56.0,58.0,60.0,62.0,64.0,66.0,68.0,70.0,72.0,74.0,76.0,78.0,80.0,82.0,84.0,86.0,88.0,90.0,92.0,94.0,96.0,98.0,100.0
2.0,4.0,6.0,8.0,10.0,12.0,14.0,16.0,18.0,20.0,22.0,24.0,26.0,28.0,30.0,32.0,34.0,36.0,38.0,40.0,42.0,44.0,46.0,48.0,50.0,52.0,54.0,56.0,58.0,60.0,62.0,64.0,66.0,68.0,70.0,72.0,74.0,76.0,78.0,80.0,82.0,84.0,86.0,88.0,90.0,92.0,94.0,96.0,98.0,100.0
2.0,4.0,6.0,8.0,10.0,12.0,14.0,16.0,18.0,20.0,22.0,24.0,26.0,28.0,30.0,32.0,34.0,36.0,38.0,40.0,42.0,44.0,46.0,48.0,50.0,52.0,54.0,56.0,58.0,60.0,62.0,64.0,66.0,68.0,70.0,72.0,74.0,76.0,78.0,80.0,82.0,84.0,86.0,88.0,90.0,92.0,94.0,96.0,98.0,100.0
2.0,4.0,6.0,8.0,10.0,12.0,14.0,16.0,18.0,20.0,22.0,24.0,26.0,28.0,30.0,32.0,34.0,36.0,38.0,40.0,42.0,44.0,46.0,48.0,50.0,52.0,54.0,56.0,58.0,60.0,62.0,64.0,66.0,68.0,70.0,72.0,74.0,76.0,78.0,80.0,82.0,84.0,86.0,88.0,90.0,92.0,94.0,96.0,98.0,100.0
2.0,4.0,6.0,8.0,10.0,12.0,14.0,16.0,18.0,20.0,22.0,24.0,26.0,28.0,30.0,32.0,34.0,36.0,38.0,40.0,42.0,44.0,46.0,48.0,50.0,52.0,54.0,56.0,58.0,60.0,62.0,64.0,66.0,68.0,70.0,72.0,74.0,76.0,78.0,80.0,82.0,84.0,86.0,88.0,90.0,92.0,94.0,96.0,98.0,100.0
2.0,4.0,6.0,8.0,10.0,12.0,14.0,16.0,18.0,20.0,22.0,24.0,26.0,28.0,30.0,32.0,34.0,36.0,38.0,40.0,42.0,44.0,46.0,48.0,50.0,52.0,54.0,56.0,58.0,60.0,62.0,64.0,66.0,68.0,70.0,72.0,74.0,76.0,78.0,80.0,82.0,84.0,86.0,88.0,90.0,92.0,94.0,96.0,98.0,100.0
2.0,4.0,6.0,8.0,10.0,12.0,14.0,16.0,18.0,20.0,22.0,24.0,26.0,28.0,30.0,32.0,34.0,36.0,38.0,40.0,42.0,44.0,46.0,48.0,50.0,52.0,54.0,56.0,58.0,60.0,62.0,64.0,66.0,68.0,70.0,72.0,74.0,76.0,78.0,80.0,82.0,84.0,86.0,88.0,90.0,92.0,94.0,96.0,98.0,100.0
2.0,4.0,6.0,8.0,10.0,12.0,14.0,16.0,18.0,20.0,22.0,24.0,26.0,28.0,30.0,32.0,34.0,36.0,38.0,40.0,42.0,44.0,46.0,48.0,50.0,52.0,54.0,56.0,58.0,60.0,62.0,64.0,66.0,68.0,70.0,72.0,74.0,76.0,78.0,80.0,82.0,84.0,86.0,88.0,90.0,92.0,94.0,96.0,98.0,100.0
2.0,4.0,6.0,8.0,10.0,12.0,14.0,16.0,18.0,20.0,22.0,24.0,26.0,28.0,30.0,32.0,34.0,36.0,38.0,40.0,42.0,44.0,46.0,48.0,50.0,52.0,54.0,56.0,58.0,60.0,62.0,64.0,66.0,68.0,70.0,72.0,74.0,76.0,78.0,80.0,82.0,84.0,86.0,88.0,90.0,92.0,94.0,96.0,98.0,100.0
2.0,4.0,6.0,8.0,10.0,12.0,14.0,16.0,18.0,20.0,22.0,24.0,26.0,28.0,30.0,32.0,34.0,36.0,38.0,40.0,42.0,44.0,46.0,48.0,50.0,52.0,54.0,56.0,58.0,60.0,62.0,64.0,66.0,68.0,70.0,72.0,74.0,76.0,78.0,80.0,82.0,84.0,86.0,88.0,90.0,92.0,94.0,96.0,98.0,100.0
2.0,4.0,6.0,8.0,10.0,12.0,14.0,16.0,18.0,20.0,22.0,24.0,26.0,28.0,30.0,32.0,34.0,36.0,38.0,40.0,42.0,44.0,46.0,48.0,50.0,52.0,54.0,56.0,58.0,60.0,62.0,64.0,66.0,68.0,70.0,72.0,74.0,76.0,78.0,80.0,82.0,84.0,86.0,88.0,90.0,92.0,94.0,96.0,98.0,100.0
2.0,4.0,6.0,8.0,10.0,12.0,14.0,16.0,18.0,20.0,22.0,24.0,26.0,28.0,30.0,32.0,34.0,36.0,38.0,40.0,42.0,44.0,46.0,48.0,50.0,52.0,54.0,56.0,58.0,60.0,62.0,64.0,66.0,68.0,70.0,72.0,74.0,76.0,78.0,80.0,82.0,84.0,86.0,88.0,90.0,92.0,94.0,96.0,98.0,100.0
2.0,4.0,6.0,8.0,10.0,12.0,14.0,16.0,18.0,20.0,22.0,24.0,26.0,28.0,30.0,32.0,34.0,36.0,38.0,40.0,42.0,44.0,46.0,48.0,50.0,52.0,54.0,56.0,58.0,60.0,62.0,64.0,66.0,68.0,70.0,72.0,74.0,76.0,78.0,80.0,82.0,84.0,86.0,88.0,90.0,92.0,94.0,96.0,98.0,100.0
starting cell matrix
"1",Point(3.398242822743243,3.137836295211887),0.6750831317515764,0,0,"Alive",0
"2",Point(8.520217978442828,8.142603534636669),0.8860631685048868,0,0,"Alive",0
"3",Point(3.344042931743471,1.3137647114853743),1.0656723957349863,0,0,"Alive",0
"4",Point(1.927504342045628,5.328058290653129),0.8995859438456271,0,0,"Alive",0
"5",Point(6.851567646786188,1.993583210264606),1.1343942908678646,0,0,"Alive",0
"6",Point(6.2637354493757424,8.054183829949256),1.0428761023532804,0,0,"Alive",0
"7",Point(2.005393734104422,7.718196181884074),1.0845245800090204,0,0,"Alive",0
"8",Point(4.742648009342129,4.937185902429325),1.0360230562783466,0,0,"Alive",0
"9",Point(1.4763335881204922,2.425680667143624),0.8967837330248666,0,0,"Alive",0
"10",Point(7.656801559569349,4.381875400348077),0.8884874581455394,0,0,"Alive",0
subsequent cell matrices
"1",Point(3.398242822743243,3.137836295211887),0.6750831317515764,0,0,"Alive",0
"2",Point(8.520217978442828,8.142603534636669),0.8860631685048868,0,0,"Alive",0
"3",Point(3.344042931743471,1.3137647114853743),1.0656723957349863,0,0,"Alive",0
"4",Point(2.8142516173484236,5.208423529100541),0.8995859438456271,-0.13410442095894204,0,"Alive",0
"5",Point(6.851567646786188,1.993583210264606),1.1343942908678646,0,0,"Alive",0
"6",Point(6.2637354493757424,8.054183829949256),1.0428761023532804,0,0,"Alive",0
"7",Point(2.005393734104422,7.718196181884074),1.0845245800090204,0,0,"Alive",0
"8",Point(4.742648009342129,4.937185902429325),1.0360230562783466,0,0,"Alive",0
"9",Point(1.4763335881204922,2.425680667143624),0.8967837330248666,0,0,"Alive",0
"10",Point(7.656801559569349,4.381875400348077),0.8884874581455394,0,0,"Alive",0
"1",Point(3.398242822743243,3.137836295211887),0.6750831317515764,0,0,"Alive",0
"2",Point(8.520217978442828,8.142603534636669),0.8860631685048868,0,0,"Alive",0
"3",Point(3.344042931743471,1.3137647114853743),1.0656723957349863,0,0,"Alive",0
"4",Point(2.8142516173484236,5.208423529100541),0.8995859438456271,-0.13410442095894204,0,"Alive",0
"5",Point(7.137146217141247,2.012174508985589),1.1343942908678646,0.06500873483959126,0,"Alive",0
"6",Point(6.2637354493757424,8.054183829949256),1.0428761023532804,0,0,"Alive",0
"7",Point(2.005393734104422,7.718196181884074),1.0845245800090204,0,0,"Alive",0
"8",Point(4.742648009342129,4.937185902429325),1.0360230562783466,0,0,"Alive",0
"9",Point(1.4763335881204922,2.425680667143624),0.8967837330248666,0,0,"Alive",0
"10",Point(7.656801559569349,4.381875400348077),0.8884874581455394,0,0,"Alive",0
"1",Point(3.398242822743243,3.137836295211887),0.6750831317515764,0,0,"Alive",0
"2",Point(8.520217978442828,8.142603534636669),0.8860631685048868,0,0,"Alive",0
"3",Point(3.344042931743471,1.3137647114853743),1.0656723957349863,0,0,"Alive",0
"4",Point(2.8142516173484236,5.208423529100541),0.8995859438456271,-0.13410442095894204,0,"Alive",0
"5",Point(7.137146217141247,2.012174508985589),1.1343942908678646,0.06500873483959126,0,"Alive",0
"6",Point(6.2637354493757424,8.054183829949256),1.0428761023532804,0,0,"Alive",0
"7",Point(2.005393734104422,7.718196181884074),1.0845245800090204,0,0,"Alive",0
"8",Point(4.742648009342129,4.937185902429325),1.0360230562783466,0,0,"Alive",0
"9",Point(1.4763335881204922,2.425680667143624),0.8967837330248666,0,0,"Alive",0
"10",Point(8.091596788592295,4.389334473872949),0.8884874581455394,0.01715368845905205,0,"Alive",0
"1",Point(3.398242822743243,3.137836295211887),0.6750831317515764,0,0,"Alive",0
"2",Point(8.520217978442828,8.142603534636669),0.8860631685048868,0,0,"Alive",0
"3",Point(3.344042931743471,1.3137647114853743),1.0656723957349863,0,0,"Alive",0
"4",Point(2.8142516173484236,5.208423529100541),0.8995859438456271,-0.13410442095894204,0,"Alive",0
"5",Point(7.137146217141247,2.012174508985589),1.1343942908678646,0.06500873483959126,0,"Alive",0
"6",Point(6.2637354493757424,8.054183829949256),1.0428761023532804,0.0,0.0,"Alive",0
"7",Point(2.005393734104422,7.718196181884074),1.0845245800090204,0,0,"Alive",0
"8",Point(4.742648009342129,4.937185902429325),1.0360230562783466,0,0,"Alive",0
"9",Point(1.4763335881204922,2.425680667143624),0.8967837330248666,0,0,"Alive",0
"10",Point(8.091596788592295,4.389334473872949),0.8884874581455394,0.01715368845905205,0,"Alive",0
"1",Point(3.398242822743243,3.137836295211887),0.6750831317515764,0,0,"Alive",0
"2",Point(8.520217978442828,8.142603534636669),0.8860631685048868,0,0,"Alive",0
"3",Point(3.344042931743471,1.3137647114853743),1.0656723957349863,0,0,"Alive",0
"4",Point(2.8142516173484236,5.208423529100541),0.8995859438456271,-0.13410442095894204,0,"Alive",0
"5",Point(7.374858664282784,2.027323889146607),1.1343942908678646,0.06364378672543303,0,"Alive",0
"6",Point(6.2637354493757424,8.054183829949256),1.0428761023532804,0.0,0.0,"Alive",0
"7",Point(2.005393734104422,7.718196181884074),1.0845245800090204,0,0,"Alive",0
"8",Point(4.742648009342129,4.937185902429325),1.0360230562783466,0,0,"Alive",0
"9",Point(1.4763335881204922,2.425680667143624),0.8967837330248666,0,0,"Alive",0
"10",Point(8.091596788592295,4.389334473872949),0.8884874581455394,0.01715368845905205,0,"Alive",0
"1",Point(3.398242822743243,3.137836295211887),0.6750831317515764,0,0,"Alive",0
"2",Point(8.520217978442828,8.142603534636669),0.8860631685048868,0,0,"Alive",0
"3",Point(3.344042931743471,1.3137647114853743),1.0656723957349863,0,0,"Alive",0
"4",Point(2.8142516173484236,5.208423529100541),0.8995859438456271,-0.13410442095894204,0,"Alive",0
"5",Point(7.374858664282784,2.027323889146607),1.1343942908678646,0.06364378672543303,0,"Alive",0
"6",Point(6.2637354493757424,8.054183829949256),1.0428761023532804,0.0,0.0,"Alive",0
"7",Point(2.005393734104422,7.718196181884074),1.0845245800090204,0,0,"Alive",0
"8",Point(4.742648009342129,4.937185902429325),1.0360230562783466,0,0,"Alive",0
"9",Point(1.6670619728473612,2.435216238582333),0.8967837330248666,0.049953961753633785,0,"Alive",0
"10",Point(8.091596788592295,4.389334473872949),0.8884874581455394,0.01715368845905205,0,"Alive",0
"1",Point(3.398242822743243,3.137836295211887),0.6750831317515764,0,0,"Alive",0
"2",Point(8.520217978442828,8.142603534636669),0.8860631685048868,0,0,"Alive",0
"3",Point(3.344042931743471,1.3137647114853743),1.0656723957349863,0,0,"Alive",0
"4",Point(2.8142516173484236,5.208423529100541),0.8995859438456271,-0.13410442095894204,0,"Alive",0
"5",Point(7.718304898382027,2.0230236320340222),1.1343942908678646,-0.012520249125936118,0,"Alive",0
"6",Point(6.2637354493757424,8.054183829949256),1.0428761023532804,0.0,0.0,"Alive",0
"7",Point(2.005393734104422,7.718196181884074),1.0845245800090204,0,0,"Alive",0
"8",Point(4.742648009342129,4.937185902429325),1.0360230562783466,0,0,"Alive",0
"9",Point(1.6670619728473612,2.435216238582333),0.8967837330248666,0.049953961753633785,0,"Alive",0
"10",Point(8.091596788592295,4.389334473872949),0.8884874581455394,0.01715368845905205,0,"Alive",0
"1",Point(3.398242822743243,3.137836295211887),0.6750831317515764,0,0,"Alive",0
"2",Point(8.520217978442828,8.142603534636669),0.8860631685048868,0,0,"Alive",0
"3",Point(3.344042931743471,1.3137647114853743),1.0656723957349863,0,0,"Alive",0
"4",Point(2.8142516173484236,5.208423529100541),0.8995859438456271,-0.13410442095894204,0,"Alive",0
"5",Point(7.718304898382027,2.0230236320340222),1.1343942908678646,-0.012520249125936118,0,"Alive",0
"6",Point(6.2637354493757424,8.054183829949256),1.0428761023532804,0.0,0.0,"Alive",0
"7",Point(2.3800895413826577,7.746348536167412),1.0845245800090204,0.07499298936163572,0,"Alive",0
"8",Point(4.742648009342129,4.937185902429325),1.0360230562783466,0,0,"Alive",0
"9",Point(1.6670619728473612,2.435216238582333),0.8967837330248666,0.049953961753633785,0,"Alive",0
"10",Point(8.091596788592295,4.389334473872949),0.8884874581455394,0.01715368845905205,0,"Alive",0
"1",Point(3.398242822743243,3.137836295211887),0.6750831317515764,0,0,"Alive",0
"2",Point(8.520217978442828,8.142603534636669),0.8860631685048868,0,0,"Alive",0
"3",Point(3.344042931743471,1.3137647114853743),1.0656723957349863,0,0,"Alive",0
"4",Point(2.8142516173484236,5.208423529100541),0.8995859438456271,-0.13410442095894204,0,"Alive",0
"5",Point(7.718304898382027,2.0230236320340222),1.1343942908678646,-0.012520249125936118,0,"Alive",0
"6",Point(6.2637354493757424,8.054183829949256),1.0428761023532804,0.0,0.0,"Alive",0
"7",Point(2.3800895413826577,7.746348536167412),1.0845245800090204,0.07499298936163572,0,"Alive",0
"8",Point(4.742648009342129,4.937185902429325),1.0360230562783466,0,0,"Alive",0
"9",Point(1.6670619728473612,2.435216238582333),0.8967837330248666,0.0,0.0,"Alive",0
"10",Point(8.091596788592295,4.389334473872949),0.8884874581455394,0.01715368845905205,0,"Alive",0
"1",Point(3.6959132637073604,3.1331839561822012),0.6750831317515764,-0.015627887875488942,0,"Alive",0
"2",Point(8.520217978442828,8.142603534636669),0.8860631685048868,0,0,"Alive",0
"3",Point(3.344042931743471,1.3137647114853743),1.0656723957349863,0,0,"Alive",0
"4",Point(2.8142516173484236,5.208423529100541),0.8995859438456271,-0.13410442095894204,0,"Alive",0
"5",Point(7.718304898382027,2.0230236320340222),1.1343942908678646,-0.012520249125936118,0,"Alive",0
"6",Point(6.2637354493757424,8.054183829949256),1.0428761023532804,0.0,0.0,"Alive",0
"7",Point(2.3800895413826577,7.746348536167412),1.0845245800090204,0.07499298936163572,0,"Alive",0
"8",Point(4.742648009342129,4.937185902429325),1.0360230562783466,0,0,"Alive",0
"9",Point(1.6670619728473612,2.435216238582333),0.8967837330248666,0.0,0.0,"Alive",0
"10",Point(8.091596788592295,4.389334473872949),0.8884874581455394,0.01715368845905205,0,"Alive",0
"1",Point(3.6959132637073604,3.1331839561822012),0.6750831317515764,-0.015627887875488942,0,"Alive",0
"2",Point(8.520217978442828,8.142603534636669),0.8860631685048868,0,0,"Alive",0
"3",Point(3.344042931743471,1.3137647114853743),1.0656723957349863,0,0,"Alive",0
"4",Point(2.8142516173484236,5.208423529100541),0.8995859438456271,-0.13410442095894204,0,"Alive",0
"5",Point(7.718304898382027,2.0230236320340222),1.1343942908678646,-0.012520249125936118,0,"Alive",0
"6",Point(6.2637354493757424,8.054183829949256),1.0428761023532804,0.0,0.0,"Alive",0
"7",Point(2.3800895413826577,7.746348536167412),1.0845245800090204,0.07499298936163572,0,"Alive",0
"8",Point(4.742648009342129,4.937185902429325),1.0360230562783466,0,0,"Alive",0
"9",Point(1.7287730333389055,2.4293376959699517),0.8967837330248666,-0.0949725628839517,0.0,"Alive",0
"10",Point(8.091596788592295,4.389334473872949),0.8884874581455394,0.01715368845905205,0,"Alive",0
"1",Point(3.6959132637073604,3.1331839561822012),0.6750831317515764,-0.015627887875488942,0,"Alive",0
"2",Point(8.520217978442828,8.142603534636669),0.8860631685048868,0,0,"Alive",0
"3",Point(3.344042931743471,1.3137647114853743),1.0656723957349863,0,0,"Alive",0
"4",Point(2.8142516173484236,5.208423529100541),0.8995859438456271,-0.13410442095894204,0,"Alive",0
"5",Point(7.718304898382027,2.0230236320340222),1.1343942908678646,-0.012520249125936118,0,"Alive",0
"6",Point(6.2637354493757424,8.054183829949256),1.0428761023532804,0.0,0.0,"Alive",0
"7",Point(2.3800895413826577,7.746348536167412),1.0845245800090204,0.07499298936163572,0,"Alive",0
"8",Point(4.742648009342129,4.937185902429325),1.0360230562783466,0,0,"Alive",0
"9",Point(1.7287730333389055,2.4293376959699517),0.8967837330248666,-0.0949725628839517,0.0,"Alive",0
"10",Point(8.091596788592295,4.389334473872949),0.8884874581455394,0.01715368845905205,0,"Alive",0
"1",Point(4.134515432551516,3.1502862968260392),0.6750831317515764,0.03897308781649134,0,"Alive",0
"2",Point(8.520217978442828,8.142603534636669),0.8860631685048868,0,0,"Alive",0
"3",Point(3.344042931743471,1.3137647114853743),1.0656723957349863,0,0,"Alive",0
"4",Point(2.8142516173484236,5.208423529100541),0.8995859438456271,-0.13410442095894204,0,"Alive",0
"5",Point(7.718304898382027,2.0230236320340222),1.1343942908678646,-0.012520249125936118,0,"Alive",0
"6",Point(6.2637354493757424,8.054183829949256),1.0428761023532804,0.0,0.0,"Alive",0
"7",Point(2.3800895413826577,7.746348536167412),1.0845245800090204,0.07499298936163572,0,"Alive",0
"8",Point(4.742648009342129,4.937185902429325),1.0360230562783466,0,0,"Alive",0
"9",Point(1.7287730333389055,2.4293376959699517),0.8967837330248666,-0.0949725628839517,0.0,"Alive",0
"10",Point(8.091596788592295,4.389334473872949),0.8884874581455394,0.01715368845905205,0,"Alive",0
"1",Point(4.134515432551516,3.1502862968260392),0.6750831317515764,0.03897308781649134,0,"Alive",0
"2",Point(8.520217978442828,8.142603534636669),0.8860631685048868,0,0,"Alive",0
"3",Point(3.344042931743471,1.3137647114853743),1.0656723957349863,0,0,"Alive",0
"4",Point(2.8142516173484236,5.208423529100541),0.8995859438456271,-0.13410442095894204,0,"Alive",0
"5",Point(7.718304898382027,2.0230236320340222),1.1343942908678646,-0.012520249125936118,0,"Alive",0
"6",Point(6.268172162756811,8.054233482463447),1.0428761023532804,0.011190815627598551,0.0,"Alive",0
"7",Point(2.3800895413826577,7.746348536167412),1.0845245800090204,0.07499298936163572,0,"Alive",0
"8",Point(4.742648009342129,4.937185902429325),1.0360230562783466,0,0,"Alive",0
"9",Point(1.7287730333389055,2.4293376959699517),0.8967837330248666,-0.0949725628839517,0.0,"Alive",0
"10",Point(8.091596788592295,4.389334473872949),0.8884874581455394,0.01715368845905205,0,"Alive",0
"1",Point(4.134515432551516,3.1502862968260392),0.6750831317515764,0.03897308781649134,0,"Alive",0
"2",Point(8.520217978442828,8.142603534636669),0.8860631685048868,0,0,"Alive",0
"3",Point(3.344042931743471,1.3137647114853743),1.0656723957349863,0,0,"Alive",0
"4",Point(2.8142516173484236,5.208423529100541),0.8995859438456271,-0.13410442095894204,0,"Alive",0
"5",Point(8.342807799033976,2.0292568827209467),1.1343942908678646,0.009980808256883562,0,"Alive",0
"6",Point(6.268172162756811,8.054233482463447),1.0428761023532804,0.011190815627598551,0.0,"Alive",0
"7",Point(2.3800895413826577,7.746348536167412),1.0845245800090204,0.07499298936163572,0,"Alive",0
"8",Point(4.742648009342129,4.937185902429325),1.0360230562783466,0,0,"Alive",0
"9",Point(1.7287730333389055,2.4293376959699517),0.8967837330248666,-0.0949725628839517,0.0,"Alive",0
"10",Point(8.091596788592295,4.389334473872949),0.8884874581455394,0.01715368845905205,0,"Alive",0
"1",Point(4.134515432551516,3.1502862968260392),0.6750831317515764,0.03897308781649134,0,"Alive",0
"2",Point(8.520217978442828,8.142603534636669),0.8860631685048868,0,0,"Alive",0
"3",Point(3.344042931743471,1.3137647114853743),1.0656723957349863,0,0,"Alive",0
"4",Point(2.8142516173484236,5.208423529100541),0.8995859438456271,-0.13410442095894204,0,"Alive",0
"5",Point(8.342807799033976,2.0292568827209467),1.1343942908678646,0.009980808256883562,0,"Alive",0
"6",Point(6.268172162756811,8.054233482463447),1.0428761023532804,0.011190815627598551,0.0,"Alive",0
"7",Point(2.3800895413826577,7.746348536167412),1.0845245800090204,0.07499298936163572,0,"Alive",0
"8",Point(4.742648009342129,4.937185902429325),1.0360230562783466,0,0,"Alive",0
"9",Point(1.7287730333389055,2.4293376959699517),0.8967837330248666,-0.0949725628839517,0.0,"Alive",0
"10",Point(8.393552748364641,4.376151269505124),0.8884874581455394,-0.04363165277795087,0,"Alive",0
"1",Point(4.134515432551516,3.1502862968260392),0.6750831317515764,0.03897308781649134,0,"Alive",0
"2",Point(8.520217978442828,8.142603534636669),0.8860631685048868,0,0,"Alive",0
"3",Point(4.327515342480956,1.4180522653212029),1.0656723957349863,0.10564534537912007,0,"Alive",0
"4",Point(2.8142516173484236,5.208423529100541),0.8995859438456271,-0.13410442095894204,0,"Alive",0
"5",Point(8.342807799033976,2.0292568827209467),1.1343942908678646,0.009980808256883562,0,"Alive",0
"6",Point(6.268172162756811,8.054233482463447),1.0428761023532804,0.011190815627598551,0.0,"Alive",0
"7",Point(2.3800895413826577,7.746348536167412),1.0845245800090204,0.07499298936163572,0,"Alive",0
"8",Point(4.742648009342129,4.937185902429325),1.0360230562783466,0,0,"Alive",0
"9",Point(1.7287730333389055,2.4293376959699517),0.8967837330248666,-0.0949725628839517,0.0,"Alive",0
"10",Point(8.393552748364641,4.376151269505124),0.8884874581455394,-0.04363165277795087,0,"Alive",0
"1",Point(4.134515432551516,3.1502862968260392),0.6750831317515764,0.03897308781649134,0,"Alive",0
"2",Point(8.520217978442828,8.142603534636669),0.8860631685048868,0,0,"Alive",0
"3",Point(4.327515342480956,1.4180522653212029),1.0656723957349863,0.10564534537912007,0,"Alive",0
"4",Point(2.8142516173484236,5.208423529100541),0.8995859438456271,-0.13410442095894204,0,"Alive",0
"5",Point(8.342807799033976,2.0292568827209467),1.1343942908678646,0.009980808256883562,0,"Alive",0
"6",Point(6.268172162756811,8.054233482463447),1.0428761023532804,0.011190815627598551,0.0,"Alive",0
"7",Point(2.3800895413826577,7.746348536167412),1.0845245800090204,0.07499298936163572,0,"Alive",0
"8",Point(4.742648009342129,4.937185902429325),1.0360230562783466,0,0,"Alive",0
"9",Point(1.7287730333389055,2.4293376959699517),0.8967837330248666,-0.0949725628839517,0.0,"Alive",0
"10",Point(8.795852529627068,4.380370794074785),0.8884874581455394,0.010488123653328648,0,"Alive",0
"1",Point(4.725673176391639,3.1563283205086297),0.6750831317515764,0.010220306460607367,0,"Alive",0
"2",Point(8.520217978442828,8.142603534636669),0.8860631685048868,0,0,"Alive",0
"3",Point(4.327515342480956,1.4180522653212029),1.0656723957349863,0.10564534537912007,0,"Alive",0
"4",Point(2.8142516173484236,5.208423529100541),0.8995859438456271,-0.13410442095894204,0,"Alive",0
"5",Point(8.342807799033976,2.0292568827209467),1.1343942908678646,0.009980808256883562,0,"Alive",0
"6",Point(6.268172162756811,8.054233482463447),1.0428761023532804,0.011190815627598551,0.0,"Alive",0
"7",Point(2.3800895413826577,7.746348536167412),1.0845245800090204,0.07499298936163572,0,"Alive",0
"8",Point(4.742648009342129,4.937185902429325),1.0360230562783466,0,0,"Alive",0
"9",Point(1.7287730333389055,2.4293376959699517),0.8967837330248666,-0.0949725628839517,0.0,"Alive",0
"10",Point(8.795852529627068,4.380370794074785),0.8884874581455394,0.010488123653328648,0,"Alive",0
"1",Point(4.725673176391639,3.1563283205086297),0.6750831317515764,0.010220306460607367,0,"Alive",0
"2",Point(8.520217978442828,8.142603534636669),0.8860631685048868,0,0,"Alive",0
"3",Point(4.327515342480956,1.4180522653212029),1.0656723957349863,0.10564534537912007,0,"Alive",0
"4",Point(2.8142516173484236,5.208423529100541),0.8995859438456271,-0.13410442095894204,0,"Alive",0
"5",Point(8.342807799033976,2.0292568827209467),1.1343942908678646,0.009980808256883562,0,"Alive",0
"6",Point(6.268172162756811,8.054233482463447),1.0428761023532804,0.011190815627598551,0.0,"Alive",0
"7",Point(2.3800895413826577,7.746348536167412),1.0845245800090204,0.07499298936163572,0,"Alive",0
"8",Point(4.864746466406431,4.935930554137119),1.0360230562783466,-0.010281080463375824,0,"Alive",0
"9",Point(1.7287730333389055,2.4293376959699517),0.8967837330248666,-0.0949725628839517,0.0,"Alive",0
"10",Point(8.795852529627068,4.380370794074785),0.8884874581455394,0.010488123653328648,0,"Alive",0
